[   67267.298502] /dev/input/event2: 0003 0039 00001251
[   67267.298502] /dev/input/event2: 0003 0035 0000020a
[   67267.298502] /dev/input/event2: 0003 0036 000006a4
[   67267.298502] /dev/input/event2: 0003 0031 00000003
[   67267.298502] /dev/input/event2: 0000 0000 00000000
[   67267.315380] /dev/input/event2: 0003 003a 0000003f
[   67267.315380] /dev/input/event2: 0000 0000 00000000
[   67267.323825] /dev/input/event2: 0003 0036 000006a3
[   67267.323825] /dev/input/event2: 0003 0031 00000004
[   67267.323825] /dev/input/event2: 0003 003a 0000003d
[   67267.323825] /dev/input/event2: 0000 0000 00000000
[   67267.332376] /dev/input/event2: 0003 0036 000006a0
[   67267.332376] /dev/input/event2: 0003 003a 0000003e
[   67267.332376] /dev/input/event2: 0000 0000 00000000
[   67267.340777] /dev/input/event2: 0003 0035 0000020c
[   67267.340777] /dev/input/event2: 0003 0036 00000699
[   67267.340777] /dev/input/event2: 0000 0000 00000000
[   67267.349261] /dev/input/event2: 0003 0035 0000020f
[   67267.349261] /dev/input/event2: 0003 0036 0000068d
[   67267.349261] /dev/input/event2: 0003 003a 0000003f
[   67267.349261] /dev/input/event2: 0000 0000 00000000
[   67267.357734] /dev/input/event2: 0003 0035 00000214
[   67267.357734] /dev/input/event2: 0003 0036 0000067e
[   67267.357734] /dev/input/event2: 0000 0000 00000000
[   67267.365506] /dev/input/event2: 0003 0035 0000021a
[   67267.365506] /dev/input/event2: 0003 0036 0000066e
[   67267.365506] /dev/input/event2: 0003 003a 00000038
[   67267.365506] /dev/input/event2: 0000 0000 00000000
[   67267.374022] /dev/input/event2: 0003 0035 00000223
[   67267.374022] /dev/input/event2: 0003 0036 0000065c
[   67267.374022] /dev/input/event2: 0000 0000 00000000
[   67267.383186] /dev/input/event2: 0003 0035 0000022c
[   67267.383186] /dev/input/event2: 0003 0036 0000064b
[   67267.383186] /dev/input/event2: 0003 003a 00000040
[   67267.383186] /dev/input/event2: 0000 0000 00000000
[   67267.391608] /dev/input/event2: 0003 0035 00000236
[   67267.391608] /dev/input/event2: 0003 0036 0000063c
[   67267.391608] /dev/input/event2: 0003 003a 0000003f
[   67267.391608] /dev/input/event2: 0000 0000 00000000
[   67267.400000] /dev/input/event2: 0003 0035 00000240
[   67267.400000] /dev/input/event2: 0003 0036 00000630
[   67267.400000] /dev/input/event2: 0000 0000 00000000
[   67267.408571] /dev/input/event2: 0003 0035 0000024d
[   67267.408571] /dev/input/event2: 0003 0036 00000624
[   67267.408571] /dev/input/event2: 0000 0000 00000000
[   67267.417065] /dev/input/event2: 0003 0035 0000025d
[   67267.417065] /dev/input/event2: 0003 0036 0000061a
[   67267.417065] /dev/input/event2: 0003 003a 00000040
[   67267.417065] /dev/input/event2: 0000 0000 00000000
[   67267.424686] /dev/input/event2: 0003 0035 00000270
[   67267.424686] /dev/input/event2: 0003 0036 00000613
[   67267.424686] /dev/input/event2: 0003 003a 00000038
[   67267.424686] /dev/input/event2: 0000 0000 00000000
[   67267.433197] /dev/input/event2: 0003 0035 00000289
[   67267.433197] /dev/input/event2: 0003 0036 00000611
[   67267.433197] /dev/input/event2: 0000 0000 00000000
[   67267.441763] /dev/input/event2: 0003 0035 000002a0
[   67267.441763] /dev/input/event2: 0003 0036 00000614
[   67267.441763] /dev/input/event2: 0003 003a 00000039
[   67267.441763] /dev/input/event2: 0000 0000 00000000
[   67267.450185] /dev/input/event2: 0003 0035 000002b9
[   67267.450185] /dev/input/event2: 0003 0036 0000061b
[   67267.450185] /dev/input/event2: 0000 0000 00000000
[   67267.458697] /dev/input/event2: 0003 0035 000002d2
[   67267.458697] /dev/input/event2: 0003 0036 00000625
[   67267.458697] /dev/input/event2: 0000 0000 00000000
[   67267.467241] /dev/input/event2: 0003 0035 000002e5
[   67267.467241] /dev/input/event2: 0003 0036 00000631
[   67267.467241] /dev/input/event2: 0003 003a 0000003a
[   67267.467241] /dev/input/event2: 0000 0000 00000000
[   67267.476374] /dev/input/event2: 0003 0035 000002f6
[   67267.476374] /dev/input/event2: 0003 0036 0000063d
[   67267.476374] /dev/input/event2: 0003 003a 00000042
[   67267.476374] /dev/input/event2: 0000 0000 00000000
[   67267.485247] /dev/input/event2: 0003 0035 00000303
[   67267.485247] /dev/input/event2: 0003 0036 00000648
[   67267.485247] /dev/input/event2: 0000 0000 00000000
[   67267.493119] /dev/input/event2: 0003 0035 0000030c
[   67267.493119] /dev/input/event2: 0003 0036 00000652
[   67267.493119] /dev/input/event2: 0000 0000 00000000
[   67267.501695] /dev/input/event2: 0003 0035 00000313
[   67267.501695] /dev/input/event2: 0003 0036 0000065b
[   67267.501695] /dev/input/event2: 0000 0000 00000000
[   67267.510159] /dev/input/event2: 0003 0035 00000318
[   67267.510159] /dev/input/event2: 0003 0036 00000663
[   67267.510159] /dev/input/event2: 0000 0000 00000000
[   67267.518639] /dev/input/event2: 0003 0035 0000031b
[   67267.518639] /dev/input/event2: 0003 0036 0000066b
[   67267.518639] /dev/input/event2: 0000 0000 00000000
[   67267.527096] /dev/input/event2: 0003 0035 0000031c
[   67267.527096] /dev/input/event2: 0003 0036 00000672
[   67267.527096] /dev/input/event2: 0003 003a 00000041
[   67267.527096] /dev/input/event2: 0000 0000 00000000
[   67267.535700] /dev/input/event2: 0003 0035 0000031b
[   67267.535700] /dev/input/event2: 0003 0036 00000677
[   67267.535700] /dev/input/event2: 0000 0000 00000000
[   67267.544042] /dev/input/event2: 0003 0035 00000319
[   67267.544042] /dev/input/event2: 0003 0036 0000067a
[   67267.544042] /dev/input/event2: 0003 003a 00000040
[   67267.544042] /dev/input/event2: 0000 0000 00000000
[   67267.552590] /dev/input/event2: 0003 0035 00000317
[   67267.552590] /dev/input/event2: 0003 0036 0000067b
[   67267.552590] /dev/input/event2: 0000 0000 00000000
[   67267.561115] /dev/input/event2: 0003 0035 00000313
[   67267.561115] /dev/input/event2: 0003 0036 0000067c
[   67267.561115] /dev/input/event2: 0000 0000 00000000
[   67267.569603] /dev/input/event2: 0003 0035 0000030f
[   67267.569603] /dev/input/event2: 0003 003a 00000041
[   67267.569603] /dev/input/event2: 0000 0000 00000000
[   67267.578063] /dev/input/event2: 0003 0035 0000030a
[   67267.578063] /dev/input/event2: 0003 0036 0000067b
[   67267.578063] /dev/input/event2: 0000 0000 00000000
[   67267.586510] /dev/input/event2: 0003 0035 00000305
[   67267.586510] /dev/input/event2: 0003 0036 00000678
[   67267.586510] /dev/input/event2: 0000 0000 00000000
[   67267.594988] /dev/input/event2: 0003 0035 00000300
[   67267.594988] /dev/input/event2: 0003 0036 00000671
[   67267.594988] /dev/input/event2: 0000 0000 00000000
[   67267.603458] /dev/input/event2: 0003 0035 000002fa
[   67267.603458] /dev/input/event2: 0003 0036 00000667
[   67267.603458] /dev/input/event2: 0000 0000 00000000
[   67267.611378] /dev/input/event2: 0003 0035 000002f6
[   67267.611378] /dev/input/event2: 0003 0036 0000065b
[   67267.611378] /dev/input/event2: 0003 003a 00000039
[   67267.611378] /dev/input/event2: 0000 0000 00000000
[   67267.619726] /dev/input/event2: 0003 0035 000002f3
[   67267.619726] /dev/input/event2: 0003 0036 0000064c
[   67267.619726] /dev/input/event2: 0000 0000 00000000
[   67267.628962] /dev/input/event2: 0003 0036 0000063f
[   67267.628962] /dev/input/event2: 0003 003a 00000041
[   67267.628962] /dev/input/event2: 0000 0000 00000000
[   67267.637303] /dev/input/event2: 0003 0035 000002f5
[   67267.637303] /dev/input/event2: 0003 0036 00000635
[   67267.637303] /dev/input/event2: 0000 0000 00000000
[   67267.645741] /dev/input/event2: 0003 0035 000002f9
[   67267.645741] /dev/input/event2: 0003 0036 0000062e
[   67267.645741] /dev/input/event2: 0003 003a 00000042
[   67267.645741] /dev/input/event2: 0000 0000 00000000
[   67267.654314] /dev/input/event2: 0003 0035 000002fe
[   67267.654314] /dev/input/event2: 0003 0036 0000062a
[   67267.654314] /dev/input/event2: 0000 0000 00000000
[   67267.662672] /dev/input/event2: 0003 0035 00000304
[   67267.662672] /dev/input/event2: 0003 0036 00000627
[   67267.662672] /dev/input/event2: 0000 0000 00000000
[   67267.671219] /dev/input/event2: 0003 0035 0000030d
[   67267.671219] /dev/input/event2: 0000 0000 00000000
[   67267.679570] /dev/input/event2: 0003 0035 00000318
[   67267.679570] /dev/input/event2: 0003 0036 0000062a
[   67267.679570] /dev/input/event2: 0000 0000 00000000
[   67267.687551] /dev/input/event2: 0003 0035 00000324
[   67267.687551] /dev/input/event2: 0003 0036 00000631
[   67267.687551] /dev/input/event2: 0003 003a 0000003b
[   67267.687551] /dev/input/event2: 0000 0000 00000000
[   67267.696024] /dev/input/event2: 0003 0035 0000032e
[   67267.696024] /dev/input/event2: 0003 0036 0000063a
[   67267.696024] /dev/input/event2: 0000 0000 00000000
[   67267.705199] /dev/input/event2: 0003 0035 00000337
[   67267.705199] /dev/input/event2: 0003 0036 00000644
[   67267.705199] /dev/input/event2: 0003 003a 00000044
[   67267.705199] /dev/input/event2: 0000 0000 00000000
[   67267.713719] /dev/input/event2: 0003 0035 0000033e
[   67267.713719] /dev/input/event2: 0003 0036 0000064c
[   67267.713719] /dev/input/event2: 0000 0000 00000000
[   67267.722092] /dev/input/event2: 0003 0035 00000343
[   67267.722092] /dev/input/event2: 0003 0036 00000653
[   67267.722092] /dev/input/event2: 0000 0000 00000000
[   67267.730710] /dev/input/event2: 0003 0035 00000346
[   67267.730710] /dev/input/event2: 0003 0036 00000658
[   67267.730710] /dev/input/event2: 0003 003a 00000043
[   67267.730710] /dev/input/event2: 0000 0000 00000000
[   67267.738923] /dev/input/event2: 0003 0035 00000347
[   67267.738923] /dev/input/event2: 0003 0036 0000065c
[   67267.738923] /dev/input/event2: 0000 0000 00000000
[   67267.747454] /dev/input/event2: 0003 0036 0000065e
[   67267.747454] /dev/input/event2: 0003 003a 00000041
[   67267.747454] /dev/input/event2: 0000 0000 00000000
[   67267.756010] /dev/input/event2: 0003 0035 00000346
[   67267.756010] /dev/input/event2: 0000 0000 00000000
[   67267.764559] /dev/input/event2: 0003 0035 00000344
[   67267.764559] /dev/input/event2: 0000 0000 00000000
[   67267.772972] /dev/input/event2: 0003 0035 00000340
[   67267.772972] /dev/input/event2: 0003 0036 0000065b
[   67267.772972] /dev/input/event2: 0000 0000 00000000
[   67267.781292] /dev/input/event2: 0003 0035 0000033a
[   67267.781292] /dev/input/event2: 0003 0036 00000655
[   67267.781292] /dev/input/event2: 0003 003a 00000040
[   67267.781292] /dev/input/event2: 0000 0000 00000000
[   67267.789218] /dev/input/event2: 0003 0035 00000332
[   67267.789218] /dev/input/event2: 0003 0036 0000064b
[   67267.789218] /dev/input/event2: 0003 003a 00000039
[   67267.789218] /dev/input/event2: 0000 0000 00000000
[   67267.797672] /dev/input/event2: 0003 0035 0000032b
[   67267.797672] /dev/input/event2: 0003 0036 00000640
[   67267.797672] /dev/input/event2: 0003 003a 0000003a
[   67267.797672] /dev/input/event2: 0000 0000 00000000
[   67267.806729] /dev/input/event2: 0003 0035 00000327
[   67267.806729] /dev/input/event2: 0003 0036 00000637
[   67267.806729] /dev/input/event2: 0003 003a 00000041
[   67267.806729] /dev/input/event2: 0000 0000 00000000
[   67267.815377] /dev/input/event2: 0003 0035 00000325
[   67267.815377] /dev/input/event2: 0003 0036 00000630
[   67267.815377] /dev/input/event2: 0000 0000 00000000
[   67267.823749] /dev/input/event2: 0003 0036 0000062c
[   67267.823749] /dev/input/event2: 0000 0000 00000000
[   67267.832139] /dev/input/event2: 0003 0035 00000327
[   67267.832139] /dev/input/event2: 0003 0036 0000062b
[   67267.832139] /dev/input/event2: 0000 0000 00000000
[   67267.840080] /dev/input/event2: 0003 0035 00000330
[   67267.840080] /dev/input/event2: 0003 0036 0000062e
[   67267.840080] /dev/input/event2: 0003 003a 0000003a
[   67267.840080] /dev/input/event2: 0000 0000 00000000
[   67267.848575] /dev/input/event2: 0003 0035 0000033e
[   67267.848575] /dev/input/event2: 0003 0036 00000638
[   67267.848575] /dev/input/event2: 0003 003a 0000003b
[   67267.848575] /dev/input/event2: 0000 0000 00000000
[   67267.857111] /dev/input/event2: 0003 0035 00000350
[   67267.857111] /dev/input/event2: 0003 0036 0000064a
[   67267.857111] /dev/input/event2: 0003 003a 0000003c
[   67267.857111] /dev/input/event2: 0000 0000 00000000
[   67267.865497] /dev/input/event2: 0003 0035 00000364
[   67267.865497] /dev/input/event2: 0003 0036 00000663
[   67267.865497] /dev/input/event2: 0000 0000 00000000
[   67267.874563] /dev/input/event2: 0003 0035 00000373
[   67267.874563] /dev/input/event2: 0003 0036 0000067b
[   67267.874563] /dev/input/event2: 0003 003a 00000045
[   67267.874563] /dev/input/event2: 0000 0000 00000000
[   67267.883001] /dev/input/event2: 0003 0035 0000037b
[   67267.883001] /dev/input/event2: 0003 0036 0000068f
[   67267.883001] /dev/input/event2: 0003 003a 00000044
[   67267.883001] /dev/input/event2: 0000 0000 00000000
[   67267.891013] /dev/input/event2: 0003 0035 0000037c
[   67267.891013] /dev/input/event2: 0003 0036 000006a0
[   67267.891013] /dev/input/event2: 0003 003a 0000003b
[   67267.891013] /dev/input/event2: 0000 0000 00000000
[   67267.900076] /dev/input/event2: 0003 0035 00000378
[   67267.900076] /dev/input/event2: 0003 0036 000006aa
[   67267.900076] /dev/input/event2: 0003 003a 00000042
[   67267.900076] /dev/input/event2: 0000 0000 00000000
[   67267.907980] /dev/input/event2: 0003 0035 0000036f
[   67267.907980] /dev/input/event2: 0003 0036 000006b0
[   67267.907980] /dev/input/event2: 0003 003a 0000003a
[   67267.907980] /dev/input/event2: 0000 0000 00000000
[   67267.916261] /dev/input/event2: 0003 0035 00000359
[   67267.916261] /dev/input/event2: 0003 0036 000006b2
[   67267.916261] /dev/input/event2: 0003 003a 00000039
[   67267.916261] /dev/input/event2: 0000 0000 00000000
[   67267.924787] /dev/input/event2: 0003 0035 0000032f
[   67267.924787] /dev/input/event2: 0003 0036 000006a5
[   67267.924787] /dev/input/event2: 0003 003a 00000037
[   67267.924787] /dev/input/event2: 0000 0000 00000000
[   67267.933412] /dev/input/event2: 0003 0035 000002f9
[   67267.933412] /dev/input/event2: 0003 0036 00000685
[   67267.933412] /dev/input/event2: 0003 0031 00000003
[   67267.933412] /dev/input/event2: 0000 0000 00000000
[   67267.941793] /dev/input/event2: 0003 0035 000002bc
[   67267.941793] /dev/input/event2: 0003 0036 00000650
[   67267.941793] /dev/input/event2: 0003 0031 00000004
[   67267.941793] /dev/input/event2: 0000 0000 00000000
[   67267.950193] /dev/input/event2: 0003 0035 00000277
[   67267.950193] /dev/input/event2: 0003 0036 00000602
[   67267.950193] /dev/input/event2: 0000 0000 00000000
[   67267.958599] /dev/input/event2: 0003 0035 00000234
[   67267.958599] /dev/input/event2: 0003 0036 000005a8
[   67267.958599] /dev/input/event2: 0003 003a 00000035
[   67267.958599] /dev/input/event2: 0000 0000 00000000
[   67267.967110] /dev/input/event2: 0003 0035 000001f7
[   67267.967110] /dev/input/event2: 0003 0036 0000054c
[   67267.967110] /dev/input/event2: 0000 0000 00000000
[   67267.975589] /dev/input/event2: 0003 0035 000001bf
[   67267.975589] /dev/input/event2: 0003 0036 000004fd
[   67267.975589] /dev/input/event2: 0003 0031 00000003
[   67267.975589] /dev/input/event2: 0003 003a 00000031
[   67267.975589] /dev/input/event2: 0000 0000 00000000
[   67267.983755] /dev/input/event2: 0003 0039 ffffffff
[   67267.983755] /dev/input/event2: 0000 0000 00000000
