[   67306.120750] /dev/input/event2: 0003 0039 00001255
[   67306.120750] /dev/input/event2: 0003 0035 0000021c
[   67306.120750] /dev/input/event2: 0003 0036 0000067e
[   67306.120750] /dev/input/event2: 0003 003a 0000002e
[   67306.120750] /dev/input/event2: 0000 0000 00000000
[   67306.137475] /dev/input/event2: 0003 003a 0000003b
[   67306.137475] /dev/input/event2: 0000 0000 00000000
[   67306.154418] /dev/input/event2: 0003 0036 0000067d
[   67306.154418] /dev/input/event2: 0003 003a 0000003a
[   67306.154418] /dev/input/event2: 0000 0000 00000000
[   67306.162920] /dev/input/event2: 0003 0036 0000067b
[   67306.162920] /dev/input/event2: 0003 0031 00000003
[   67306.162920] /dev/input/event2: 0000 0000 00000000
[   67306.171523] /dev/input/event2: 0003 0036 00000678
[   67306.171523] /dev/input/event2: 0003 003a 0000003b
[   67306.171523] /dev/input/event2: 0000 0000 00000000
[   67306.179850] /dev/input/event2: 0003 0035 0000021d
[   67306.179850] /dev/input/event2: 0003 0036 00000673
[   67306.179850] /dev/input/event2: 0003 0031 00000004
[   67306.179850] /dev/input/event2: 0000 0000 00000000
[   67306.188409] /dev/input/event2: 0003 0035 0000021e
[   67306.188409] /dev/input/event2: 0003 0036 0000066c
[   67306.188409] /dev/input/event2: 0000 0000 00000000
[   67306.196867] /dev/input/event2: 0003 0035 00000220
[   67306.196867] /dev/input/event2: 0003 0036 00000664
[   67306.196867] /dev/input/event2: 0003 003a 0000003c
[   67306.196867] /dev/input/event2: 0000 0000 00000000
[   67306.205161] /dev/input/event2: 0003 0035 00000223
[   67306.205161] /dev/input/event2: 0003 0036 0000065b
[   67306.205161] /dev/input/event2: 0000 0000 00000000
[   67306.213701] /dev/input/event2: 0003 0035 00000227
[   67306.213701] /dev/input/event2: 0003 0036 00000650
[   67306.213701] /dev/input/event2: 0003 003a 0000003d
[   67306.213701] /dev/input/event2: 0000 0000 00000000
[   67306.222121] /dev/input/event2: 0003 0035 0000022c
[   67306.222121] /dev/input/event2: 0003 0036 00000645
[   67306.222121] /dev/input/event2: 0003 003a 0000003e
[   67306.222121] /dev/input/event2: 0000 0000 00000000
[   67306.230737] /dev/input/event2: 0003 0035 00000232
[   67306.230737] /dev/input/event2: 0003 0036 0000063a
[   67306.230737] /dev/input/event2: 0000 0000 00000000
[   67306.239254] /dev/input/event2: 0003 0035 00000239
[   67306.239254] /dev/input/event2: 0003 0036 0000062f
[   67306.239254] /dev/input/event2: 0000 0000 00000000
[   67306.247667] /dev/input/event2: 0003 0035 00000240
[   67306.247667] /dev/input/event2: 0003 0036 00000627
[   67306.247667] /dev/input/event2: 0003 003a 0000003d
[   67306.247667] /dev/input/event2: 0000 0000 00000000
[   67306.256063] /dev/input/event2: 0003 0035 00000249
[   67306.256063] /dev/input/event2: 0003 0036 0000061f
[   67306.256063] /dev/input/event2: 0000 0000 00000000
[   67306.264637] /dev/input/event2: 0003 0035 00000257
[   67306.264637] /dev/input/event2: 0003 0036 00000616
[   67306.264637] /dev/input/event2: 0003 003a 0000003e
[   67306.264637] /dev/input/event2: 0000 0000 00000000
[   67306.273111] /dev/input/event2: 0003 0035 00000266
[   67306.273111] /dev/input/event2: 0003 0036 0000060f
[   67306.273111] /dev/input/event2: 0000 0000 00000000
[   67306.280840] /dev/input/event2: 0003 0035 0000027b
[   67306.280840] /dev/input/event2: 0003 0036 0000060a
[   67306.280840] /dev/input/event2: 0003 003a 00000038
[   67306.280840] /dev/input/event2: 0000 0000 00000000
[   67306.289201] /dev/input/event2: 0003 0035 00000292
[   67306.289201] /dev/input/event2: 0003 0036 00000608
[   67306.289201] /dev/input/event2: 0000 0000 00000000
[   67306.297726] /dev/input/event2: 0003 0035 000002a9
[   67306.297726] /dev/input/event2: 0003 0036 00000609
[   67306.297726] /dev/input/event2: 0000 0000 00000000
[   67306.306312] /dev/input/event2: 0003 0035 000002c2
[   67306.306312] /dev/input/event2: 0003 0036 0000060e
[   67306.306312] /dev/input/event2: 0003 003a 00000039
[   67306.306312] /dev/input/event2: 0000 0000 00000000
[   67306.315488] /dev/input/event2: 0003 0035 000002da
[   67306.315488] /dev/input/event2: 0003 0036 00000615
[   67306.315488] /dev/input/event2: 0003 003a 0000003f
[   67306.315488] /dev/input/event2: 0000 0000 00000000
[   67306.323225] /dev/input/event2: 0003 0035 000002ee
[   67306.323225] /dev/input/event2: 0003 0036 0000061e
[   67306.323225] /dev/input/event2: 0003 003a 00000039
[   67306.323225] /dev/input/event2: 0000 0000 00000000
[   67306.331615] /dev/input/event2: 0003 0035 00000302
[   67306.331615] /dev/input/event2: 0003 0036 0000062a
[   67306.331615] /dev/input/event2: 0003 003a 0000003a
[   67306.331615] /dev/input/event2: 0000 0000 00000000
[   67306.340996] /dev/input/event2: 0003 0035 00000316
[   67306.340996] /dev/input/event2: 0003 0036 00000637
[   67306.340996] /dev/input/event2: 0003 003a 00000041
[   67306.340996] /dev/input/event2: 0000 0000 00000000
[   67306.349375] /dev/input/event2: 0003 0035 00000326
[   67306.349375] /dev/input/event2: 0003 0036 00000643
[   67306.349375] /dev/input/event2: 0000 0000 00000000
[   67306.357811] /dev/input/event2: 0003 0035 00000333
[   67306.357811] /dev/input/event2: 0003 0036 0000064e
[   67306.357811] /dev/input/event2: 0003 003a 00000042
[   67306.357811] /dev/input/event2: 0000 0000 00000000
[   67306.366282] /dev/input/event2: 0003 0035 0000033d
[   67306.366282] /dev/input/event2: 0003 0036 00000658
[   67306.366282] /dev/input/event2: 0000 0000 00000000
[   67306.374650] /dev/input/event2: 0003 0035 00000346
[   67306.374650] /dev/input/event2: 0003 0036 00000661
[   67306.374650] /dev/input/event2: 0000 0000 00000000
[   67306.383148] /dev/input/event2: 0003 0035 0000034d
[   67306.383148] /dev/input/event2: 0003 0036 0000066a
[   67306.383148] /dev/input/event2: 0000 0000 00000000
[   67306.391605] /dev/input/event2: 0003 0035 00000352
[   67306.391605] /dev/input/event2: 0003 0036 00000671
[   67306.391605] /dev/input/event2: 0000 0000 00000000
[   67306.400233] /dev/input/event2: 0003 0035 00000356
[   67306.400233] /dev/input/event2: 0003 0036 00000676
[   67306.400233] /dev/input/event2: 0003 003a 00000043
[   67306.400233] /dev/input/event2: 0000 0000 00000000
[   67306.408660] /dev/input/event2: 0003 0035 00000359
[   67306.408660] /dev/input/event2: 0003 0036 0000067b
[   67306.408660] /dev/input/event2: 0000 0000 00000000
[   67306.417140] /dev/input/event2: 0003 0035 0000035a
[   67306.417140] /dev/input/event2: 0003 0036 0000067e
[   67306.417140] /dev/input/event2: 0003 003a 00000042
[   67306.417140] /dev/input/event2: 0000 0000 00000000
[   67306.425619] /dev/input/event2: 0003 0036 00000680
[   67306.425619] /dev/input/event2: 0000 0000 00000000
[   67306.434068] /dev/input/event2: 0003 0035 00000359
[   67306.434068] /dev/input/event2: 0003 003a 00000041
[   67306.434068] /dev/input/event2: 0000 0000 00000000
[   67306.442480] /dev/input/event2: 0003 0035 00000357
[   67306.442480] /dev/input/event2: 0003 003a 00000040
[   67306.442480] /dev/input/event2: 0000 0000 00000000
[   67306.451074] /dev/input/event2: 0003 0035 00000353
[   67306.451074] /dev/input/event2: 0003 0036 0000067f
[   67306.451074] /dev/input/event2: 0000 0000 00000000
[   67306.459501] /dev/input/event2: 0003 0035 0000034d
[   67306.459501] /dev/input/event2: 0003 0036 0000067c
[   67306.459501] /dev/input/event2: 0000 0000 00000000
[   67306.467807] /dev/input/event2: 0003 0035 00000345
[   67306.467807] /dev/input/event2: 0003 0036 00000677
[   67306.467807] /dev/input/event2: 0000 0000 00000000
[   67306.476316] /dev/input/event2: 0003 0035 0000033c
[   67306.476316] /dev/input/event2: 0003 0036 0000066f
[   67306.476316] /dev/input/event2: 0000 0000 00000000
[   67306.484781] /dev/input/event2: 0003 0035 00000332
[   67306.484781] /dev/input/event2: 0003 0036 00000666
[   67306.484781] /dev/input/event2: 0000 0000 00000000
[   67306.493369] /dev/input/event2: 0003 0035 00000328
[   67306.493369] /dev/input/event2: 0003 0036 0000065b
[   67306.493369] /dev/input/event2: 0000 0000 00000000
[   67306.501773] /dev/input/event2: 0003 0035 0000031e
[   67306.501773] /dev/input/event2: 0003 0036 0000064d
[   67306.501773] /dev/input/event2: 0000 0000 00000000
[   67306.510397] /dev/input/event2: 0003 0035 00000315
[   67306.510397] /dev/input/event2: 0003 0036 0000063e
[   67306.510397] /dev/input/event2: 0000 0000 00000000
[   67306.518894] /dev/input/event2: 0003 0035 0000030e
[   67306.518894] /dev/input/event2: 0003 0036 0000062e
[   67306.518894] /dev/input/event2: 0000 0000 00000000
[   67306.527248] /dev/input/event2: 0003 0035 0000030a
[   67306.527248] /dev/input/event2: 0003 0036 0000061f
[   67306.527248] /dev/input/event2: 0000 0000 00000000
[   67306.535747] /dev/input/event2: 0003 0035 00000308
[   67306.535747] /dev/input/event2: 0003 0036 00000611
[   67306.535747] /dev/input/event2: 0000 0000 00000000
[   67306.544171] /dev/input/event2: 0003 0035 00000309
[   67306.544171] /dev/input/event2: 0003 0036 00000603
[   67306.544171] /dev/input/event2: 0000 0000 00000000
[   67306.552741] /dev/input/event2: 0003 0035 0000030c
[   67306.552741] /dev/input/event2: 0003 0036 000005f6
[   67306.552741] /dev/input/event2: 0003 003a 00000041
[   67306.552741] /dev/input/event2: 0000 0000 00000000
[   67306.561209] /dev/input/event2: 0003 0035 00000311
[   67306.561209] /dev/input/event2: 0003 0036 000005ec
[   67306.561209] /dev/input/event2: 0003 003a 00000040
[   67306.561209] /dev/input/event2: 0000 0000 00000000
[   67306.569658] /dev/input/event2: 0003 0035 00000316
[   67306.569658] /dev/input/event2: 0003 0036 000005e5
[   67306.569658] /dev/input/event2: 0003 003a 00000041
[   67306.569658] /dev/input/event2: 0000 0000 00000000
[   67306.578118] /dev/input/event2: 0003 0035 0000031c
[   67306.578118] /dev/input/event2: 0003 0036 000005df
[   67306.578118] /dev/input/event2: 0000 0000 00000000
[   67306.586657] /dev/input/event2: 0003 0035 00000325
[   67306.586657] /dev/input/event2: 0003 0036 000005db
[   67306.586657] /dev/input/event2: 0000 0000 00000000
[   67306.595162] /dev/input/event2: 0003 0035 00000330
[   67306.595162] /dev/input/event2: 0003 0036 000005da
[   67306.595162] /dev/input/event2: 0003 003a 00000042
[   67306.595162] /dev/input/event2: 0000 0000 00000000
[   67306.603587] /dev/input/event2: 0003 0035 0000033b
[   67306.603587] /dev/input/event2: 0003 0036 000005dc
[   67306.603587] /dev/input/event2: 0000 0000 00000000
[   67306.612060] /dev/input/event2: 0003 0035 00000346
[   67306.612060] /dev/input/event2: 0003 0036 000005e1
[   67306.612060] /dev/input/event2: 0000 0000 00000000
[   67306.620493] /dev/input/event2: 0003 0035 00000350
[   67306.620493] /dev/input/event2: 0003 0036 000005e9
[   67306.620493] /dev/input/event2: 0000 0000 00000000
[   67306.628956] /dev/input/event2: 0003 0035 0000035a
[   67306.628956] /dev/input/event2: 0003 0036 000005f2
[   67306.628956] /dev/input/event2: 0000 0000 00000000
[   67306.637456] /dev/input/event2: 0003 0035 00000362
[   67306.637456] /dev/input/event2: 0003 0036 000005fa
[   67306.637456] /dev/input/event2: 0003 003a 00000043
[   67306.637456] /dev/input/event2: 0000 0000 00000000
[   67306.645903] /dev/input/event2: 0003 0035 00000368
[   67306.645903] /dev/input/event2: 0003 0036 00000602
[   67306.645903] /dev/input/event2: 0000 0000 00000000
[   67306.654365] /dev/input/event2: 0003 0035 0000036d
[   67306.654365] /dev/input/event2: 0003 0036 00000609
[   67306.654365] /dev/input/event2: 0003 003a 00000042
[   67306.654365] /dev/input/event2: 0000 0000 00000000
[   67306.662975] /dev/input/event2: 0003 0035 00000370
[   67306.662975] /dev/input/event2: 0003 0036 0000060e
[   67306.662975] /dev/input/event2: 0000 0000 00000000
[   67306.671230] /dev/input/event2: 0003 0035 00000372
[   67306.671230] /dev/input/event2: 0003 0036 00000612
[   67306.671230] /dev/input/event2: 0000 0000 00000000
[   67306.679864] /dev/input/event2: 0003 0035 00000373
[   67306.679864] /dev/input/event2: 0003 0036 00000615
[   67306.679864] /dev/input/event2: 0003 003a 00000043
[   67306.679864] /dev/input/event2: 0000 0000 00000000
[   67306.688332] /dev/input/event2: 0003 0036 00000618
[   67306.688332] /dev/input/event2: 0003 003a 00000042
[   67306.688332] /dev/input/event2: 0000 0000 00000000
[   67306.696899] /dev/input/event2: 0003 0035 00000372
[   67306.696899] /dev/input/event2: 0003 0036 00000619
[   67306.696899] /dev/input/event2: 0003 003a 00000041
[   67306.696899] /dev/input/event2: 0000 0000 00000000
[   67306.705323] /dev/input/event2: 0003 0035 00000370
[   67306.705323] /dev/input/event2: 0003 0036 0000061a
[   67306.705323] /dev/input/event2: 0003 003a 00000040
[   67306.705323] /dev/input/event2: 0000 0000 00000000
[   67306.713707] /dev/input/event2: 0003 0035 00000369
[   67306.713707] /dev/input/event2: 0003 003a 0000003f
[   67306.713707] /dev/input/event2: 0000 0000 00000000
[   67306.722418] /dev/input/event2: 0003 0035 0000035c
[   67306.722418] /dev/input/event2: 0003 0036 00000616
[   67306.722418] /dev/input/event2: 0000 0000 00000000
[   67306.729989] /dev/input/event2: 0003 0035 0000034b
[   67306.729989] /dev/input/event2: 0003 0036 0000060c
[   67306.729989] /dev/input/event2: 0003 003a 00000038
[   67306.729989] /dev/input/event2: 0000 0000 00000000
[   67306.738500] /dev/input/event2: 0003 0035 00000333
[   67306.738500] /dev/input/event2: 0003 0036 000005fb
[   67306.738500] /dev/input/event2: 0000 0000 00000000
[   67306.746879] /dev/input/event2: 0003 0035 00000320
[   67306.746879] /dev/input/event2: 0003 0036 000005e8
[   67306.746879] /dev/input/event2: 0000 0000 00000000
[   67306.755434] /dev/input/event2: 0003 0035 0000030e
[   67306.755434] /dev/input/event2: 0003 0036 000005d2
[   67306.755434] /dev/input/event2: 0003 003a 00000037
[   67306.755434] /dev/input/event2: 0000 0000 00000000
[   67306.763881] /dev/input/event2: 0003 0035 000002ff
[   67306.763881] /dev/input/event2: 0003 0036 000005ba
[   67306.763881] /dev/input/event2: 0000 0000 00000000
[   67306.773098] /dev/input/event2: 0003 0035 000002f6
[   67306.773098] /dev/input/event2: 0003 0036 000005a6
[   67306.773098] /dev/input/event2: 0003 003a 0000003f
[   67306.773098] /dev/input/event2: 0000 0000 00000000
[   67306.781571] /dev/input/event2: 0003 0035 000002f1
[   67306.781571] /dev/input/event2: 0003 0036 00000596
[   67306.781571] /dev/input/event2: 0003 003a 00000040
[   67306.781571] /dev/input/event2: 0000 0000 00000000
[   67306.790042] /dev/input/event2: 0003 0035 000002ef
[   67306.790042] /dev/input/event2: 0003 0036 0000058a
[   67306.790042] /dev/input/event2: 0000 0000 00000000
[   67306.798372] /dev/input/event2: 0003 0035 000002f0
[   67306.798372] /dev/input/event2: 0003 0036 00000582
[   67306.798372] /dev/input/event2: 0000 0000 00000000
[   67306.806909] /dev/input/event2: 0003 0035 000002f4
[   67306.806909] /dev/input/event2: 0003 0036 0000057d
[   67306.806909] /dev/input/event2: 0003 003a 00000041
[   67306.806909] /dev/input/event2: 0000 0000 00000000
[   67306.815550] /dev/input/event2: 0003 0035 000002fd
[   67306.815550] /dev/input/event2: 0003 0036 00000579
[   67306.815550] /dev/input/event2: 0003 003a 00000042
[   67306.815550] /dev/input/event2: 0000 0000 00000000
[   67306.823228] /dev/input/event2: 0003 0035 0000030d
[   67306.823228] /dev/input/event2: 0003 0036 0000057b
[   67306.823228] /dev/input/event2: 0003 003a 0000003b
[   67306.823228] /dev/input/event2: 0000 0000 00000000
[   67306.831641] /dev/input/event2: 0003 0035 00000324
[   67306.831641] /dev/input/event2: 0003 0036 00000586
[   67306.831641] /dev/input/event2: 0003 003a 0000003a
[   67306.831641] /dev/input/event2: 0000 0000 00000000
[   67306.840356] /dev/input/event2: 0003 0035 00000339
[   67306.840356] /dev/input/event2: 0003 0036 00000596
[   67306.840356] /dev/input/event2: 0000 0000 00000000
[   67306.848660] /dev/input/event2: 0003 0035 0000034f
[   67306.848660] /dev/input/event2: 0003 0036 000005ad
[   67306.848660] /dev/input/event2: 0000 0000 00000000
[   67306.857205] /dev/input/event2: 0003 0035 00000362
[   67306.857205] /dev/input/event2: 0003 0036 000005c2
[   67306.857205] /dev/input/event2: 0003 003a 0000003b
[   67306.857205] /dev/input/event2: 0000 0000 00000000
[   67306.865679] /dev/input/event2: 0003 0035 00000372
[   67306.865679] /dev/input/event2: 0003 0036 000005d7
[   67306.865679] /dev/input/event2: 0000 0000 00000000
[   67306.874692] /dev/input/event2: 0003 0035 0000037f
[   67306.874692] /dev/input/event2: 0003 0036 000005ea
[   67306.874692] /dev/input/event2: 0003 003a 00000044
[   67306.874692] /dev/input/event2: 0000 0000 00000000
[   67306.883352] /dev/input/event2: 0003 0035 00000388
[   67306.883352] /dev/input/event2: 0003 0036 000005fa
[   67306.883352] /dev/input/event2: 0000 0000 00000000
[   67306.891753] /dev/input/event2: 0003 0035 0000038e
[   67306.891753] /dev/input/event2: 0003 0036 00000607
[   67306.891753] /dev/input/event2: 0000 0000 00000000
[   67306.900089] /dev/input/event2: 0003 0035 00000391
[   67306.900089] /dev/input/event2: 0003 0036 00000612
[   67306.900089] /dev/input/event2: 0000 0000 00000000
[   67306.908613] /dev/input/event2: 0003 0035 00000392
[   67306.908613] /dev/input/event2: 0003 0036 0000061c
[   67306.908613] /dev/input/event2: 0000 0000 00000000
[   67306.917067] /dev/input/event2: 0003 0036 00000625
[   67306.917067] /dev/input/event2: 0000 0000 00000000
[   67306.925487] /dev/input/event2: 0003 0035 00000391
[   67306.925487] /dev/input/event2: 0003 0036 0000062e
[   67306.925487] /dev/input/event2: 0003 003a 00000043
[   67306.925487] /dev/input/event2: 0000 0000 00000000
[   67306.934083] /dev/input/event2: 0003 0035 0000038e
[   67306.934083] /dev/input/event2: 0003 0036 00000636
[   67306.934083] /dev/input/event2: 0000 0000 00000000
[   67306.942644] /dev/input/event2: 0003 0035 00000389
[   67306.942644] /dev/input/event2: 0003 0036 0000063d
[   67306.942644] /dev/input/event2: 0003 003a 00000042
[   67306.942644] /dev/input/event2: 0000 0000 00000000
[   67306.951071] /dev/input/event2: 0003 0035 00000384
[   67306.951071] /dev/input/event2: 0003 0036 00000641
[   67306.951071] /dev/input/event2: 0003 003a 00000041
[   67306.951071] /dev/input/event2: 0000 0000 00000000
[   67306.959449] /dev/input/event2: 0003 0035 00000378
[   67306.959449] /dev/input/event2: 0003 0036 00000645
[   67306.959449] /dev/input/event2: 0003 003a 00000040
[   67306.959449] /dev/input/event2: 0000 0000 00000000
[   67306.967502] /dev/input/event2: 0003 0035 00000360
[   67306.967502] /dev/input/event2: 0003 0036 00000644
[   67306.967502] /dev/input/event2: 0003 003a 00000039
[   67306.967502] /dev/input/event2: 0000 0000 00000000
[   67306.975726] /dev/input/event2: 0003 0035 0000033b
[   67306.975726] /dev/input/event2: 0003 0036 0000063b
[   67306.975726] /dev/input/event2: 0003 003a 00000038
[   67306.975726] /dev/input/event2: 0000 0000 00000000
[   67306.984264] /dev/input/event2: 0003 0035 0000030c
[   67306.984264] /dev/input/event2: 0003 0036 00000626
[   67306.984264] /dev/input/event2: 0000 0000 00000000
[   67306.992721] /dev/input/event2: 0003 0035 000002d2
[   67306.992721] /dev/input/event2: 0003 0036 00000604
[   67306.992721] /dev/input/event2: 0003 003a 00000037
[   67306.992721] /dev/input/event2: 0000 0000 00000000
[   67307.001108] /dev/input/event2: 0003 0035 00000295
[   67307.001108] /dev/input/event2: 0003 0036 000005dc
[   67307.001108] /dev/input/event2: 0003 003a 00000036
[   67307.001108] /dev/input/event2: 0000 0000 00000000
[   67307.009613] /dev/input/event2: 0003 0035 0000025a
[   67307.009613] /dev/input/event2: 0003 0036 000005b2
[   67307.009613] /dev/input/event2: 0003 0031 00000003
[   67307.009613] /dev/input/event2: 0003 003a 00000035
[   67307.009613] /dev/input/event2: 0000 0000 00000000
[   67307.018057] /dev/input/event2: 0003 0035 00000224
[   67307.018057] /dev/input/event2: 0003 0036 00000589
[   67307.018057] /dev/input/event2: 0003 0031 00000004
[   67307.018057] /dev/input/event2: 0000 0000 00000000
[   67307.026586] /dev/input/event2: 0003 0035 000001f4
[   67307.026586] /dev/input/event2: 0003 0036 0000055c
[   67307.026586] /dev/input/event2: 0003 003a 00000036
[   67307.026586] /dev/input/event2: 0000 0000 00000000
[   67307.035025] /dev/input/event2: 0003 0035 000001c4
[   67307.035025] /dev/input/event2: 0003 0036 00000530
[   67307.035025] /dev/input/event2: 0000 0000 00000000
[   67307.043502] /dev/input/event2: 0003 0035 00000190
[   67307.043502] /dev/input/event2: 0003 0036 00000502
[   67307.043502] /dev/input/event2: 0003 003a 00000035
[   67307.043502] /dev/input/event2: 0000 0000 00000000
[   67307.051965] /dev/input/event2: 0003 0035 00000166
[   67307.051965] /dev/input/event2: 0003 0036 000004db
[   67307.051965] /dev/input/event2: 0003 003a 00000036
[   67307.051965] /dev/input/event2: 0000 0000 00000000
[   67307.060459] /dev/input/event2: 0003 0035 00000140
[   67307.060459] /dev/input/event2: 0003 0036 000004b8
[   67307.060459] /dev/input/event2: 0003 003a 00000034
[   67307.060459] /dev/input/event2: 0000 0000 00000000
[   67307.068917] /dev/input/event2: 0003 0035 0000011f
[   67307.068917] /dev/input/event2: 0003 0036 00000497
[   67307.068917] /dev/input/event2: 0003 003a 00000030
[   67307.068917] /dev/input/event2: 0000 0000 00000000
[   67307.077261] /dev/input/event2: 0003 0039 ffffffff
[   67307.077261] /dev/input/event2: 0000 0000 00000000
