[   67546.748369] /dev/input/event2: 0003 0039 00001274
[   67546.748369] /dev/input/event2: 0003 0035 00000200
[   67546.748369] /dev/input/event2: 0003 0036 0000063a
[   67546.748369] /dev/input/event2: 0003 0031 00000003
[   67546.748369] /dev/input/event2: 0003 003a 00000028
[   67546.748369] /dev/input/event2: 0000 0000 00000000
[   67546.765167] /dev/input/event2: 0003 0035 00000201
[   67546.765167] /dev/input/event2: 0003 0036 00000639
[   67546.765167] /dev/input/event2: 0003 0031 00000004
[   67546.765167] /dev/input/event2: 0003 003a 00000033
[   67546.765167] /dev/input/event2: 0000 0000 00000000
[   67546.773741] /dev/input/event2: 0003 0035 00000203
[   67546.773741] /dev/input/event2: 0003 0036 00000638
[   67546.773741] /dev/input/event2: 0003 003a 00000035
[   67546.773741] /dev/input/event2: 0000 0000 00000000
[   67546.782059] /dev/input/event2: 0003 0035 00000206
[   67546.782059] /dev/input/event2: 0003 0036 00000637
[   67546.782059] /dev/input/event2: 0003 003a 00000036
[   67546.782059] /dev/input/event2: 0000 0000 00000000
[   67546.790718] /dev/input/event2: 0003 0035 0000020a
[   67546.790718] /dev/input/event2: 0003 003a 00000037
[   67546.790718] /dev/input/event2: 0000 0000 00000000
[   67546.799113] /dev/input/event2: 0003 0035 0000020f
[   67546.799113] /dev/input/event2: 0003 0036 00000636
[   67546.799113] /dev/input/event2: 0003 003a 00000038
[   67546.799113] /dev/input/event2: 0000 0000 00000000
[   67546.807647] /dev/input/event2: 0003 0035 00000214
[   67546.807647] /dev/input/event2: 0003 0036 00000635
[   67546.807647] /dev/input/event2: 0003 003a 00000039
[   67546.807647] /dev/input/event2: 0000 0000 00000000
[   67546.816070] /dev/input/event2: 0003 0035 00000219
[   67546.816070] /dev/input/event2: 0003 0036 00000634
[   67546.816070] /dev/input/event2: 0000 0000 00000000
[   67546.824541] /dev/input/event2: 0003 0035 0000021d
[   67546.824541] /dev/input/event2: 0003 0036 00000633
[   67546.824541] /dev/input/event2: 0000 0000 00000000
[   67546.833187] /dev/input/event2: 0003 0035 00000221
[   67546.833187] /dev/input/event2: 0003 0036 00000632
[   67546.833187] /dev/input/event2: 0000 0000 00000000
[   67546.841605] /dev/input/event2: 0003 0035 00000224
[   67546.841605] /dev/input/event2: 0003 0036 00000631
[   67546.841605] /dev/input/event2: 0000 0000 00000000
[   67546.850054] /dev/input/event2: 0003 0035 00000226
[   67546.850054] /dev/input/event2: 0003 0036 00000630
[   67546.850054] /dev/input/event2: 0000 0000 00000000
[   67546.858389] /dev/input/event2: 0003 0035 00000227
[   67546.858389] /dev/input/event2: 0003 0036 0000062e
[   67546.858389] /dev/input/event2: 0003 0031 00000003
[   67546.858389] /dev/input/event2: 0003 003a 0000003a
[   67546.858389] /dev/input/event2: 0000 0000 00000000
[   67546.867018] /dev/input/event2: 0003 0035 00000228
[   67546.867018] /dev/input/event2: 0003 0036 00000628
[   67546.867018] /dev/input/event2: 0003 0031 00000004
[   67546.867018] /dev/input/event2: 0003 003a 00000039
[   67546.867018] /dev/input/event2: 0000 0000 00000000
[   67546.874668] /dev/input/event2: 0003 0035 00000227
[   67546.874668] /dev/input/event2: 0003 0036 0000061e
[   67546.874668] /dev/input/event2: 0003 003a 00000034
[   67546.874668] /dev/input/event2: 0000 0000 00000000
[   67546.883130] /dev/input/event2: 0003 0035 00000222
[   67546.883130] /dev/input/event2: 0003 0036 0000060d
[   67546.883130] /dev/input/event2: 0003 0031 00000003
[   67546.883130] /dev/input/event2: 0003 003a 00000035
[   67546.883130] /dev/input/event2: 0000 0000 00000000
[   67546.891665] /dev/input/event2: 0003 0035 00000218
[   67546.891665] /dev/input/event2: 0003 0036 000005f7
[   67546.891665] /dev/input/event2: 0003 0031 00000004
[   67546.891665] /dev/input/event2: 0000 0000 00000000
[   67546.900140] /dev/input/event2: 0003 0035 0000020a
[   67546.900140] /dev/input/event2: 0003 0036 000005dc
[   67546.900140] /dev/input/event2: 0003 0031 00000003
[   67546.900140] /dev/input/event2: 0000 0000 00000000
[   67546.908552] /dev/input/event2: 0003 0035 000001f9
[   67546.908552] /dev/input/event2: 0003 0036 000005bc
[   67546.908552] /dev/input/event2: 0003 0031 00000004
[   67546.908552] /dev/input/event2: 0000 0000 00000000
[   67546.917052] /dev/input/event2: 0003 0035 000001e6
[   67546.917052] /dev/input/event2: 0003 0036 0000059c
[   67546.917052] /dev/input/event2: 0003 003a 00000036
[   67546.917052] /dev/input/event2: 0000 0000 00000000
[   67546.925536] /dev/input/event2: 0003 0035 000001d4
[   67546.925536] /dev/input/event2: 0003 0036 0000057d
[   67546.925536] /dev/input/event2: 0000 0000 00000000
[   67546.934073] /dev/input/event2: 0003 0035 000001c5
[   67546.934073] /dev/input/event2: 0003 0036 00000561
[   67546.934073] /dev/input/event2: 0000 0000 00000000
[   67546.942538] /dev/input/event2: 0003 0035 000001b8
[   67546.942538] /dev/input/event2: 0003 0036 00000547
[   67546.942538] /dev/input/event2: 0000 0000 00000000
[   67546.951937] /dev/input/event2: 0003 0035 000001ae
[   67546.951937] /dev/input/event2: 0003 0036 0000052f
[   67546.951937] /dev/input/event2: 0003 003a 0000003c
[   67546.951937] /dev/input/event2: 0000 0000 00000000
[   67546.960396] /dev/input/event2: 0003 0035 000001a7
[   67546.960396] /dev/input/event2: 0003 0036 0000051a
[   67546.960396] /dev/input/event2: 0003 003a 0000003d
[   67546.960396] /dev/input/event2: 0000 0000 00000000
[   67546.968773] /dev/input/event2: 0003 0035 000001a1
[   67546.968773] /dev/input/event2: 0003 0036 00000504
[   67546.968773] /dev/input/event2: 0003 003a 0000003c
[   67546.968773] /dev/input/event2: 0000 0000 00000000
[   67546.977235] /dev/input/event2: 0003 0035 0000019d
[   67546.977235] /dev/input/event2: 0003 0036 000004f1
[   67546.977235] /dev/input/event2: 0000 0000 00000000
[   67546.985727] /dev/input/event2: 0003 0035 0000019b
[   67546.985727] /dev/input/event2: 0003 0036 000004df
[   67546.985727] /dev/input/event2: 0000 0000 00000000
[   67546.994288] /dev/input/event2: 0003 0036 000004d0
[   67546.994288] /dev/input/event2: 0000 0000 00000000
[   67547.002541] /dev/input/event2: 0003 0035 0000019e
[   67547.002541] /dev/input/event2: 0003 0036 000004c3
[   67547.002541] /dev/input/event2: 0000 0000 00000000
[   67547.011186] /dev/input/event2: 0003 0035 000001a3
[   67547.011186] /dev/input/event2: 0003 0036 000004b9
[   67547.011186] /dev/input/event2: 0000 0000 00000000
[   67547.019784] /dev/input/event2: 0003 0035 000001a8
[   67547.019784] /dev/input/event2: 0003 0036 000004b1
[   67547.019784] /dev/input/event2: 0000 0000 00000000
[   67547.028048] /dev/input/event2: 0003 0035 000001b0
[   67547.028048] /dev/input/event2: 0003 0036 000004aa
[   67547.028048] /dev/input/event2: 0000 0000 00000000
[   67547.035848] /dev/input/event2: 0003 0035 000001bf
[   67547.035848] /dev/input/event2: 0003 0036 000004a4
[   67547.035848] /dev/input/event2: 0003 003a 00000037
[   67547.035848] /dev/input/event2: 0000 0000 00000000
[   67547.044373] /dev/input/event2: 0003 0035 000001d3
[   67547.044373] /dev/input/event2: 0003 0036 000004a1
[   67547.044373] /dev/input/event2: 0000 0000 00000000
[   67547.052754] /dev/input/event2: 0003 0035 000001ed
[   67547.052754] /dev/input/event2: 0003 0036 000004a3
[   67547.052754] /dev/input/event2: 0000 0000 00000000
[   67547.061241] /dev/input/event2: 0003 0035 0000020b
[   67547.061241] /dev/input/event2: 0003 0036 000004ab
[   67547.061241] /dev/input/event2: 0000 0000 00000000
[   67547.069715] /dev/input/event2: 0003 0035 00000229
[   67547.069715] /dev/input/event2: 0003 0036 000004b6
[   67547.069715] /dev/input/event2: 0000 0000 00000000
[   67547.078166] /dev/input/event2: 0003 0035 00000248
[   67547.078166] /dev/input/event2: 0003 0036 000004c7
[   67547.078166] /dev/input/event2: 0003 003a 00000038
[   67547.078166] /dev/input/event2: 0000 0000 00000000
[   67547.086747] /dev/input/event2: 0003 0035 00000263
[   67547.086747] /dev/input/event2: 0003 0036 000004db
[   67547.086747] /dev/input/event2: 0000 0000 00000000
[   67547.095371] /dev/input/event2: 0003 0035 0000027f
[   67547.095371] /dev/input/event2: 0003 0036 000004f3
[   67547.095371] /dev/input/event2: 0003 003a 00000039
[   67547.095371] /dev/input/event2: 0000 0000 00000000
[   67547.103763] /dev/input/event2: 0003 0035 0000029a
[   67547.103763] /dev/input/event2: 0003 0036 00000510
[   67547.103763] /dev/input/event2: 0003 003a 0000003a
[   67547.103763] /dev/input/event2: 0000 0000 00000000
[   67547.112294] /dev/input/event2: 0003 0035 000002b6
[   67547.112294] /dev/input/event2: 0003 0036 00000536
[   67547.112294] /dev/input/event2: 0000 0000 00000000
[   67547.120721] /dev/input/event2: 0003 0035 000002cf
[   67547.120721] /dev/input/event2: 0003 0036 0000055e
[   67547.120721] /dev/input/event2: 0003 003a 00000039
[   67547.120721] /dev/input/event2: 0000 0000 00000000
[   67547.129237] /dev/input/event2: 0003 0035 000002e7
[   67547.129237] /dev/input/event2: 0003 0036 0000058d
[   67547.129237] /dev/input/event2: 0000 0000 00000000
[   67547.137679] /dev/input/event2: 0003 0035 000002f8
[   67547.137679] /dev/input/event2: 0003 0036 000005b5
[   67547.137679] /dev/input/event2: 0000 0000 00000000
[   67547.146269] /dev/input/event2: 0003 0035 00000304
[   67547.146269] /dev/input/event2: 0003 0036 000005d9
[   67547.146269] /dev/input/event2: 0000 0000 00000000
[   67547.154686] /dev/input/event2: 0003 0035 0000030d
[   67547.154686] /dev/input/event2: 0003 0036 000005f6
[   67547.154686] /dev/input/event2: 0000 0000 00000000
[   67547.163894] /dev/input/event2: 0003 0035 00000313
[   67547.163894] /dev/input/event2: 0003 0036 0000060a
[   67547.163894] /dev/input/event2: 0003 003a 00000041
[   67547.163894] /dev/input/event2: 0000 0000 00000000
[   67547.172338] /dev/input/event2: 0003 0035 00000316
[   67547.172338] /dev/input/event2: 0003 0036 00000617
[   67547.172338] /dev/input/event2: 0000 0000 00000000
[   67547.180888] /dev/input/event2: 0003 0035 00000318
[   67547.180888] /dev/input/event2: 0003 0036 00000620
[   67547.180888] /dev/input/event2: 0000 0000 00000000
[   67547.189311] /dev/input/event2: 0003 0035 00000319
[   67547.189311] /dev/input/event2: 0003 0036 00000625
[   67547.189311] /dev/input/event2: 0003 003a 00000040
[   67547.189311] /dev/input/event2: 0000 0000 00000000
[   67547.197789] /dev/input/event2: 0003 0036 00000628
[   67547.197789] /dev/input/event2: 0000 0000 00000000
[   67547.206118] /dev/input/event2: 0003 0035 00000318
[   67547.206118] /dev/input/event2: 0000 0000 00000000
[   67547.214601] /dev/input/event2: 0003 0035 00000316
[   67547.214601] /dev/input/event2: 0003 0036 00000627
[   67547.214601] /dev/input/event2: 0000 0000 00000000
[   67547.222504] /dev/input/event2: 0003 0035 0000030f
[   67547.222504] /dev/input/event2: 0003 0036 0000061e
[   67547.222504] /dev/input/event2: 0003 003a 00000039
[   67547.222504] /dev/input/event2: 0000 0000 00000000
[   67547.231075] /dev/input/event2: 0003 0035 00000301
[   67547.231075] /dev/input/event2: 0003 0036 00000608
[   67547.231075] /dev/input/event2: 0003 003a 00000038
[   67547.231075] /dev/input/event2: 0000 0000 00000000
[   67547.239413] /dev/input/event2: 0003 0035 000002ea
[   67547.239413] /dev/input/event2: 0003 0036 000005e7
[   67547.239413] /dev/input/event2: 0003 003a 00000037
[   67547.239413] /dev/input/event2: 0000 0000 00000000
[   67547.247857] /dev/input/event2: 0003 0035 000002ce
[   67547.247857] /dev/input/event2: 0003 0036 000005ba
[   67547.247857] /dev/input/event2: 0003 003a 00000036
[   67547.247857] /dev/input/event2: 0000 0000 00000000
[   67547.256406] /dev/input/event2: 0003 0035 000002b3
[   67547.256406] /dev/input/event2: 0003 0036 00000590
[   67547.256406] /dev/input/event2: 0003 003a 00000037
[   67547.256406] /dev/input/event2: 0000 0000 00000000
[   67547.264819] /dev/input/event2: 0003 0035 00000298
[   67547.264819] /dev/input/event2: 0003 0036 00000566
[   67547.264819] /dev/input/event2: 0000 0000 00000000
[   67547.273366] /dev/input/event2: 0003 0035 00000281
[   67547.273366] /dev/input/event2: 0003 0036 00000541
[   67547.273366] /dev/input/event2: 0000 0000 00000000
[   67547.281753] /dev/input/event2: 0003 0035 0000026f
[   67547.281753] /dev/input/event2: 0003 0036 00000524
[   67547.281753] /dev/input/event2: 0000 0000 00000000
[   67547.290272] /dev/input/event2: 0003 0035 00000262
[   67547.290272] /dev/input/event2: 0003 0036 00000510
[   67547.290272] /dev/input/event2: 0000 0000 00000000
[   67547.299495] /dev/input/event2: 0003 0035 0000025a
[   67547.299495] /dev/input/event2: 0003 0036 00000501
[   67547.299495] /dev/input/event2: 0003 003a 0000003d
[   67547.299495] /dev/input/event2: 0000 0000 00000000
[   67547.307974] /dev/input/event2: 0003 0035 00000255
[   67547.307974] /dev/input/event2: 0003 0036 000004f6
[   67547.307974] /dev/input/event2: 0000 0000 00000000
[   67547.316399] /dev/input/event2: 0003 0035 00000253
[   67547.316399] /dev/input/event2: 0003 0036 000004ed
[   67547.316399] /dev/input/event2: 0000 0000 00000000
[   67547.325009] /dev/input/event2: 0003 0036 000004e6
[   67547.325009] /dev/input/event2: 0003 003a 0000003e
[   67547.325009] /dev/input/event2: 0000 0000 00000000
[   67547.333673] /dev/input/event2: 0003 0035 00000254
[   67547.333673] /dev/input/event2: 0003 0036 000004e1
[   67547.333673] /dev/input/event2: 0000 0000 00000000
[   67547.341852] /dev/input/event2: 0003 0035 00000258
[   67547.341852] /dev/input/event2: 0003 0036 000004de
[   67547.341852] /dev/input/event2: 0003 003a 0000003d
[   67547.341852] /dev/input/event2: 0000 0000 00000000
[   67547.349644] /dev/input/event2: 0003 0035 00000262
[   67547.349644] /dev/input/event2: 0003 0036 000004db
[   67547.349644] /dev/input/event2: 0003 003a 00000037
[   67547.349644] /dev/input/event2: 0000 0000 00000000
[   67547.359000] /dev/input/event2: 0003 0035 00000273
[   67547.359000] /dev/input/event2: 0003 0036 000004de
[   67547.359000] /dev/input/event2: 0003 003a 0000003d
[   67547.359000] /dev/input/event2: 0000 0000 00000000
[   67547.366684] /dev/input/event2: 0003 0035 00000290
[   67547.366684] /dev/input/event2: 0003 0036 000004eb
[   67547.366684] /dev/input/event2: 0003 003a 00000037
[   67547.366684] /dev/input/event2: 0000 0000 00000000
[   67547.375117] /dev/input/event2: 0003 0035 000002b0
[   67547.375117] /dev/input/event2: 0003 0036 00000502
[   67547.375117] /dev/input/event2: 0003 003a 00000038
[   67547.375117] /dev/input/event2: 0000 0000 00000000
[   67547.383582] /dev/input/event2: 0003 0035 000002d6
[   67547.383582] /dev/input/event2: 0003 0036 00000521
[   67547.383582] /dev/input/event2: 0003 003a 00000039
[   67547.383582] /dev/input/event2: 0000 0000 00000000
[   67547.392152] /dev/input/event2: 0003 0035 000002f8
[   67547.392152] /dev/input/event2: 0003 0036 00000542
[   67547.392152] /dev/input/event2: 0000 0000 00000000
[   67547.400636] /dev/input/event2: 0003 0035 0000031d
[   67547.400636] /dev/input/event2: 0003 0036 00000569
[   67547.400636] /dev/input/event2: 0003 003a 0000003a
[   67547.400636] /dev/input/event2: 0000 0000 00000000
[   67547.409266] /dev/input/event2: 0003 0035 0000033f
[   67547.409266] /dev/input/event2: 0003 0036 00000597
[   67547.409266] /dev/input/event2: 0000 0000 00000000
[   67547.417613] /dev/input/event2: 0003 0035 0000035a
[   67547.417613] /dev/input/event2: 0003 0036 000005be
[   67547.417613] /dev/input/event2: 0000 0000 00000000
[   67547.426165] /dev/input/event2: 0003 0035 00000371
[   67547.426165] /dev/input/event2: 0003 0036 000005e4
[   67547.426165] /dev/input/event2: 0000 0000 00000000
[   67547.434602] /dev/input/event2: 0003 0035 00000380
[   67547.434602] /dev/input/event2: 0003 0036 00000600
[   67547.434602] /dev/input/event2: 0000 0000 00000000
[   67547.443886] /dev/input/event2: 0003 0035 0000038a
[   67547.443886] /dev/input/event2: 0003 0036 00000619
[   67547.443886] /dev/input/event2: 0003 003a 00000042
[   67547.443886] /dev/input/event2: 0000 0000 00000000
[   67547.452312] /dev/input/event2: 0003 0035 0000038f
[   67547.452312] /dev/input/event2: 0003 0036 0000062d
[   67547.452312] /dev/input/event2: 0000 0000 00000000
[   67547.460856] /dev/input/event2: 0003 0035 00000391
[   67547.460856] /dev/input/event2: 0003 0036 0000063b
[   67547.460856] /dev/input/event2: 0003 003a 00000041
[   67547.460856] /dev/input/event2: 0000 0000 00000000
[   67547.469135] /dev/input/event2: 0003 0036 00000645
[   67547.469135] /dev/input/event2: 0003 003a 00000040
[   67547.469135] /dev/input/event2: 0000 0000 00000000
[   67547.477626] /dev/input/event2: 0003 0035 0000038f
[   67547.477626] /dev/input/event2: 0003 0036 0000064c
[   67547.477626] /dev/input/event2: 0000 0000 00000000
[   67547.486165] /dev/input/event2: 0003 0035 0000038c
[   67547.486165] /dev/input/event2: 0003 0036 0000064f
[   67547.486165] /dev/input/event2: 0000 0000 00000000
[   67547.494773] /dev/input/event2: 0003 0035 00000388
[   67547.494773] /dev/input/event2: 0003 0036 00000651
[   67547.494773] /dev/input/event2: 0000 0000 00000000
[   67547.503214] /dev/input/event2: 0003 0035 00000380
[   67547.503214] /dev/input/event2: 0003 0036 00000650
[   67547.503214] /dev/input/event2: 0003 003a 0000003f
[   67547.503214] /dev/input/event2: 0000 0000 00000000
[   67547.511918] /dev/input/event2: 0003 0035 00000371
[   67547.511918] /dev/input/event2: 0003 0036 00000648
[   67547.511918] /dev/input/event2: 0000 0000 00000000
[   67547.519426] /dev/input/event2: 0003 0035 0000035c
[   67547.519426] /dev/input/event2: 0003 0036 00000635
[   67547.519426] /dev/input/event2: 0003 003a 00000038
[   67547.519426] /dev/input/event2: 0000 0000 00000000
[   67547.527890] /dev/input/event2: 0003 0035 0000033d
[   67547.527890] /dev/input/event2: 0003 0036 00000611
[   67547.527890] /dev/input/event2: 0000 0000 00000000
[   67547.536405] /dev/input/event2: 0003 0035 00000317
[   67547.536405] /dev/input/event2: 0003 0036 000005e0
[   67547.536405] /dev/input/event2: 0003 003a 00000036
[   67547.536405] /dev/input/event2: 0000 0000 00000000
[   67547.544745] /dev/input/event2: 0003 0035 000002f4
[   67547.544745] /dev/input/event2: 0003 0036 000005aa
[   67547.544745] /dev/input/event2: 0000 0000 00000000
[   67547.553244] /dev/input/event2: 0003 0035 000002d7
[   67547.553244] /dev/input/event2: 0003 0036 0000057e
[   67547.553244] /dev/input/event2: 0003 0031 00000003
[   67547.553244] /dev/input/event2: 0000 0000 00000000
[   67547.561778] /dev/input/event2: 0003 0035 000002c0
[   67547.561778] /dev/input/event2: 0003 0036 00000558
[   67547.561778] /dev/input/event2: 0003 0031 00000004
[   67547.561778] /dev/input/event2: 0000 0000 00000000
[   67547.570322] /dev/input/event2: 0003 0035 000002b0
[   67547.570322] /dev/input/event2: 0003 0036 0000053d
[   67547.570322] /dev/input/event2: 0003 003a 00000037
[   67547.570322] /dev/input/event2: 0000 0000 00000000
[   67547.578708] /dev/input/event2: 0003 0035 000002a6
[   67547.578708] /dev/input/event2: 0003 0036 0000052b
[   67547.578708] /dev/input/event2: 0000 0000 00000000
[   67547.587856] /dev/input/event2: 0003 0035 0000029f
[   67547.587856] /dev/input/event2: 0003 0036 0000051d
[   67547.587856] /dev/input/event2: 0003 003a 0000003e
[   67547.587856] /dev/input/event2: 0000 0000 00000000
[   67547.596400] /dev/input/event2: 0003 0035 0000029a
[   67547.596400] /dev/input/event2: 0003 0036 00000513
[   67547.596400] /dev/input/event2: 0000 0000 00000000
[   67547.604811] /dev/input/event2: 0003 0035 00000297
[   67547.604811] /dev/input/event2: 0003 0036 0000050a
[   67547.604811] /dev/input/event2: 0003 003a 0000003d
[   67547.604811] /dev/input/event2: 0000 0000 00000000
[   67547.613353] /dev/input/event2: 0003 0035 00000295
[   67547.613353] /dev/input/event2: 0003 0036 00000503
[   67547.613353] /dev/input/event2: 0003 003a 0000003e
[   67547.613353] /dev/input/event2: 0000 0000 00000000
[   67547.621958] /dev/input/event2: 0003 0036 000004fd
[   67547.621958] /dev/input/event2: 0000 0000 00000000
[   67547.630407] /dev/input/event2: 0003 0035 00000296
[   67547.630407] /dev/input/event2: 0003 0036 000004f7
[   67547.630407] /dev/input/event2: 0000 0000 00000000
[   67547.638893] /dev/input/event2: 0003 0035 00000297
[   67547.638893] /dev/input/event2: 0003 0036 000004f3
[   67547.638893] /dev/input/event2: 0003 003a 0000003f
[   67547.638893] /dev/input/event2: 0000 0000 00000000
[   67547.647473] /dev/input/event2: 0003 0035 00000299
[   67547.647473] /dev/input/event2: 0003 0036 000004ef
[   67547.647473] /dev/input/event2: 0003 003a 0000003e
[   67547.647473] /dev/input/event2: 0000 0000 00000000
[   67547.655726] /dev/input/event2: 0003 0035 0000029e
[   67547.655726] /dev/input/event2: 0003 0036 000004eb
[   67547.655726] /dev/input/event2: 0000 0000 00000000
[   67547.664344] /dev/input/event2: 0003 0035 000002a7
[   67547.664344] /dev/input/event2: 0003 0036 000004e6
[   67547.664344] /dev/input/event2: 0000 0000 00000000
[   67547.672874] /dev/input/event2: 0003 0035 000002b3
[   67547.672874] /dev/input/event2: 0003 0036 000004e2
[   67547.672874] /dev/input/event2: 0003 003a 00000040
[   67547.672874] /dev/input/event2: 0000 0000 00000000
[   67547.681351] /dev/input/event2: 0003 0035 000002c1
[   67547.681351] /dev/input/event2: 0003 0036 000004e0
[   67547.681351] /dev/input/event2: 0000 0000 00000000
[   67547.689656] /dev/input/event2: 0003 0035 000002d1
[   67547.689656] /dev/input/event2: 0003 0036 000004e1
[   67547.689656] /dev/input/event2: 0000 0000 00000000
[   67547.698145] /dev/input/event2: 0003 0035 000002e6
[   67547.698145] /dev/input/event2: 0003 0036 000004e8
[   67547.698145] /dev/input/event2: 0000 0000 00000000
[   67547.706741] /dev/input/event2: 0003 0035 000002fa
[   67547.706741] /dev/input/event2: 0003 0036 000004f4
[   67547.706741] /dev/input/event2: 0003 003a 00000041
[   67547.706741] /dev/input/event2: 0000 0000 00000000
[   67547.714535] /dev/input/event2: 0003 0035 0000030f
[   67547.714535] /dev/input/event2: 0003 0036 00000507
[   67547.714535] /dev/input/event2: 0003 003a 0000003a
[   67547.714535] /dev/input/event2: 0000 0000 00000000
[   67547.723042] /dev/input/event2: 0003 0035 0000032a
[   67547.723042] /dev/input/event2: 0003 0036 00000523
[   67547.723042] /dev/input/event2: 0000 0000 00000000
[   67547.731466] /dev/input/event2: 0003 0035 00000348
[   67547.731466] /dev/input/event2: 0003 0036 0000054b
[   67547.731466] /dev/input/event2: 0000 0000 00000000
[   67547.740002] /dev/input/event2: 0003 0035 00000365
[   67547.740002] /dev/input/event2: 0003 0036 0000057d
[   67547.740002] /dev/input/event2: 0003 003a 0000003b
[   67547.740002] /dev/input/event2: 0000 0000 00000000
[   67547.748553] /dev/input/event2: 0003 0035 0000037f
[   67547.748553] /dev/input/event2: 0003 0036 000005b1
[   67547.748553] /dev/input/event2: 0003 003a 0000003a
[   67547.748553] /dev/input/event2: 0000 0000 00000000
[   67547.756887] /dev/input/event2: 0003 0035 00000393
[   67547.756887] /dev/input/event2: 0003 0036 000005e0
[   67547.756887] /dev/input/event2: 0000 0000 00000000
[   67547.765391] /dev/input/event2: 0003 0035 000003a2
[   67547.765391] /dev/input/event2: 0003 0036 0000060c
[   67547.765391] /dev/input/event2: 0003 003a 0000003b
[   67547.765391] /dev/input/event2: 0000 0000 00000000
[   67547.773912] /dev/input/event2: 0003 0035 000003ad
[   67547.773912] /dev/input/event2: 0003 0036 00000635
[   67547.773912] /dev/input/event2: 0000 0000 00000000
[   67547.782386] /dev/input/event2: 0003 0035 000003b5
[   67547.782386] /dev/input/event2: 0003 0036 00000652
[   67547.782386] /dev/input/event2: 0003 003a 0000003a
[   67547.782386] /dev/input/event2: 0000 0000 00000000
[   67547.790919] /dev/input/event2: 0003 0035 000003b9
[   67547.790919] /dev/input/event2: 0003 0036 00000667
[   67547.790919] /dev/input/event2: 0000 0000 00000000
[   67547.800023] /dev/input/event2: 0003 0035 000003bb
[   67547.800023] /dev/input/event2: 0003 0036 00000675
[   67547.800023] /dev/input/event2: 0003 003a 00000041
[   67547.800023] /dev/input/event2: 0000 0000 00000000
[   67547.808557] /dev/input/event2: 0003 0036 0000067d
[   67547.808557] /dev/input/event2: 0000 0000 00000000
[   67547.817196] /dev/input/event2: 0003 0035 000003ba
[   67547.817196] /dev/input/event2: 0003 0036 00000683
[   67547.817196] /dev/input/event2: 0000 0000 00000000
[   67547.825406] /dev/input/event2: 0003 0035 000003b8
[   67547.825406] /dev/input/event2: 0003 0036 00000686
[   67547.825406] /dev/input/event2: 0000 0000 00000000
[   67547.834081] /dev/input/event2: 0003 0035 000003b4
[   67547.834081] /dev/input/event2: 0003 0036 00000688
[   67547.834081] /dev/input/event2: 0000 0000 00000000
[   67547.842477] /dev/input/event2: 0003 0035 000003a8
[   67547.842477] /dev/input/event2: 0003 003a 00000040
[   67547.842477] /dev/input/event2: 0000 0000 00000000
[   67547.850976] /dev/input/event2: 0003 0035 00000394
[   67547.850976] /dev/input/event2: 0003 0036 00000681
[   67547.850976] /dev/input/event2: 0000 0000 00000000
[   67547.858793] /dev/input/event2: 0003 0035 00000378
[   67547.858793] /dev/input/event2: 0003 0036 0000066e
[   67547.858793] /dev/input/event2: 0003 003a 00000039
[   67547.858793] /dev/input/event2: 0000 0000 00000000
[   67547.867277] /dev/input/event2: 0003 0035 00000352
[   67547.867277] /dev/input/event2: 0003 0036 0000064f
[   67547.867277] /dev/input/event2: 0003 003a 00000038
[   67547.867277] /dev/input/event2: 0000 0000 00000000
[   67547.875701] /dev/input/event2: 0003 0035 00000324
[   67547.875701] /dev/input/event2: 0003 0036 00000623
[   67547.875701] /dev/input/event2: 0000 0000 00000000
[   67547.884187] /dev/input/event2: 0003 0035 000002eb
[   67547.884187] /dev/input/event2: 0003 0036 000005e3
[   67547.884187] /dev/input/event2: 0003 0031 00000003
[   67547.884187] /dev/input/event2: 0003 003a 00000037
[   67547.884187] /dev/input/event2: 0000 0000 00000000
[   67547.892563] /dev/input/event2: 0003 0035 000002af
[   67547.892563] /dev/input/event2: 0003 0036 00000597
[   67547.892563] /dev/input/event2: 0003 0031 00000004
[   67547.892563] /dev/input/event2: 0003 003a 00000035
[   67547.892563] /dev/input/event2: 0000 0000 00000000
[   67547.901097] /dev/input/event2: 0003 0035 00000278
[   67547.901097] /dev/input/event2: 0003 0036 0000054e
[   67547.901097] /dev/input/event2: 0000 0000 00000000
[   67547.909506] /dev/input/event2: 0003 0035 00000237
[   67547.909506] /dev/input/event2: 0003 0036 000004fd
[   67547.909506] /dev/input/event2: 0003 003a 00000036
[   67547.909506] /dev/input/event2: 0000 0000 00000000
[   67547.917991] /dev/input/event2: 0003 0035 000001f7
[   67547.917991] /dev/input/event2: 0003 0036 000004ae
[   67547.917991] /dev/input/event2: 0003 003a 00000035
[   67547.917991] /dev/input/event2: 0000 0000 00000000
[   67547.926502] /dev/input/event2: 0003 0035 000001bb
[   67547.926502] /dev/input/event2: 0003 0036 0000045a
[   67547.926502] /dev/input/event2: 0003 003a 00000034
[   67547.926502] /dev/input/event2: 0000 0000 00000000
[   67547.934935] /dev/input/event2: 0003 0035 0000017d
[   67547.934935] /dev/input/event2: 0003 0036 00000404
[   67547.934935] /dev/input/event2: 0003 003a 00000035
[   67547.934935] /dev/input/event2: 0000 0000 00000000
[   67547.943485] /dev/input/event2: 0003 0035 00000145
[   67547.943485] /dev/input/event2: 0003 0036 000003bc
[   67547.943485] /dev/input/event2: 0000 0000 00000000
[   67547.951905] /dev/input/event2: 0003 0035 00000113
[   67547.951905] /dev/input/event2: 0003 0036 0000037c
[   67547.951905] /dev/input/event2: 0003 003a 00000034
[   67547.951905] /dev/input/event2: 0000 0000 00000000
[   67547.960461] /dev/input/event2: 0003 0035 000000ee
[   67547.960461] /dev/input/event2: 0003 0036 00000350
[   67547.960461] /dev/input/event2: 0003 003a 00000033
[   67547.960461] /dev/input/event2: 0000 0000 00000000
[   67547.968989] /dev/input/event2: 0003 0035 000000c8
[   67547.968989] /dev/input/event2: 0003 0036 0000031e
[   67547.968989] /dev/input/event2: 0003 003a 00000032
[   67547.968989] /dev/input/event2: 0000 0000 00000000
[   67547.977407] /dev/input/event2: 0003 0035 000000ad
[   67547.977407] /dev/input/event2: 0003 0036 00000304
[   67547.977407] /dev/input/event2: 0003 003a 00000029
[   67547.977407] /dev/input/event2: 0000 0000 00000000
[   67547.985712] /dev/input/event2: 0003 0039 ffffffff
[   67547.985712] /dev/input/event2: 0000 0000 00000000
