[   67345.787516] /dev/input/event2: 0003 0039 00001257
[   67345.787516] /dev/input/event2: 0003 0035 000001ef
[   67345.787516] /dev/input/event2: 0003 0036 00000695
[   67345.787516] /dev/input/event2: 0003 0030 00000004
[   67345.787516] /dev/input/event2: 0003 003a 00000031
[   67345.787516] /dev/input/event2: 0000 0000 00000000
[   67345.804212] /dev/input/event2: 0003 0030 00000005
[   67345.804212] /dev/input/event2: 0003 003a 0000003c
[   67345.804212] /dev/input/event2: 0000 0000 00000000
[   67345.812626] /dev/input/event2: 0003 0036 00000694
[   67345.812626] /dev/input/event2: 0003 0031 00000004
[   67345.812626] /dev/input/event2: 0003 003a 0000003a
[   67345.812626] /dev/input/event2: 0000 0000 00000000
[   67345.821055] /dev/input/event2: 0003 0036 00000692
[   67345.821055] /dev/input/event2: 0000 0000 00000000
[   67345.829380] /dev/input/event2: 0003 0036 0000068e
[   67345.829380] /dev/input/event2: 0000 0000 00000000
[   67345.837817] /dev/input/event2: 0003 0035 000001f0
[   67345.837817] /dev/input/event2: 0003 0036 00000686
[   67345.837817] /dev/input/event2: 0003 0031 00000003
[   67345.837817] /dev/input/event2: 0003 003a 0000003b
[   67345.837817] /dev/input/event2: 0000 0000 00000000
[   67345.846569] /dev/input/event2: 0003 0035 000001f3
[   67345.846569] /dev/input/event2: 0003 0036 00000679
[   67345.846569] /dev/input/event2: 0003 0031 00000004
[   67345.846569] /dev/input/event2: 0003 003a 0000003a
[   67345.846569] /dev/input/event2: 0000 0000 00000000
[   67345.854195] /dev/input/event2: 0003 0035 000001f7
[   67345.854195] /dev/input/event2: 0003 0036 00000668
[   67345.854195] /dev/input/event2: 0003 003a 00000036
[   67345.854195] /dev/input/event2: 0000 0000 00000000
[   67345.862657] /dev/input/event2: 0003 0035 000001fb
[   67345.862657] /dev/input/event2: 0003 0036 00000653
[   67345.862657] /dev/input/event2: 0003 003a 00000035
[   67345.862657] /dev/input/event2: 0000 0000 00000000
[   67345.871114] /dev/input/event2: 0003 0035 00000200
[   67345.871114] /dev/input/event2: 0003 0036 0000063d
[   67345.871114] /dev/input/event2: 0000 0000 00000000
[   67345.879503] /dev/input/event2: 0003 0035 00000205
[   67345.879503] /dev/input/event2: 0003 0036 00000626
[   67345.879503] /dev/input/event2: 0003 003a 00000036
[   67345.879503] /dev/input/event2: 0000 0000 00000000
[   67345.888039] /dev/input/event2: 0003 0035 0000020a
[   67345.888039] /dev/input/event2: 0003 0036 0000060e
[   67345.888039] /dev/input/event2: 0000 0000 00000000
[   67345.897281] /dev/input/event2: 0003 0035 0000020f
[   67345.897281] /dev/input/event2: 0003 0036 000005fa
[   67345.897281] /dev/input/event2: 0003 003a 0000003c
[   67345.897281] /dev/input/event2: 0000 0000 00000000
[   67345.905712] /dev/input/event2: 0003 0035 00000215
[   67345.905712] /dev/input/event2: 0003 0036 000005e8
[   67345.905712] /dev/input/event2: 0000 0000 00000000
[   67345.914469] /dev/input/event2: 0003 0035 0000021d
[   67345.914469] /dev/input/event2: 0003 0036 000005d8
[   67345.914469] /dev/input/event2: 0003 003a 0000003d
[   67345.914469] /dev/input/event2: 0000 0000 00000000
[   67345.922724] /dev/input/event2: 0003 0035 00000226
[   67345.922724] /dev/input/event2: 0003 0036 000005cb
[   67345.922724] /dev/input/event2: 0000 0000 00000000
[   67345.931252] /dev/input/event2: 0003 0035 00000230
[   67345.931252] /dev/input/event2: 0003 0036 000005c1
[   67345.931252] /dev/input/event2: 0000 0000 00000000
[   67345.938900] /dev/input/event2: 0003 0035 00000241
[   67345.938900] /dev/input/event2: 0003 0036 000005b6
[   67345.938900] /dev/input/event2: 0003 003a 00000038
[   67345.938900] /dev/input/event2: 0000 0000 00000000
[   67345.947430] /dev/input/event2: 0003 0035 00000256
[   67345.947430] /dev/input/event2: 0003 0036 000005af
[   67345.947430] /dev/input/event2: 0000 0000 00000000
[   67345.955851] /dev/input/event2: 0003 0035 00000272
[   67345.955851] /dev/input/event2: 0003 0036 000005ae
[   67345.955851] /dev/input/event2: 0000 0000 00000000
[   67345.964403] /dev/input/event2: 0003 0035 0000028f
[   67345.964403] /dev/input/event2: 0003 0036 000005b5
[   67345.964403] /dev/input/event2: 0000 0000 00000000
[   67345.972782] /dev/input/event2: 0003 0035 000002ac
[   67345.972782] /dev/input/event2: 0003 0036 000005c2
[   67345.972782] /dev/input/event2: 0003 003a 00000039
[   67345.972782] /dev/input/event2: 0000 0000 00000000
[   67345.981337] /dev/input/event2: 0003 0035 000002ca
[   67345.981337] /dev/input/event2: 0003 0036 000005d4
[   67345.981337] /dev/input/event2: 0000 0000 00000000
[   67345.989936] /dev/input/event2: 0003 0035 000002e2
[   67345.989936] /dev/input/event2: 0003 0036 000005e9
[   67345.989936] /dev/input/event2: 0000 0000 00000000
[   67345.998312] /dev/input/event2: 0003 0035 000002fa
[   67345.998312] /dev/input/event2: 0003 0036 000005ff
[   67345.998312] /dev/input/event2: 0003 003a 0000003a
[   67345.998312] /dev/input/event2: 0000 0000 00000000
[   67346.006788] /dev/input/event2: 0003 0035 0000030f
[   67346.006788] /dev/input/event2: 0003 0036 00000615
[   67346.006788] /dev/input/event2: 0000 0000 00000000
[   67346.015967] /dev/input/event2: 0003 0035 00000320
[   67346.015967] /dev/input/event2: 0003 0036 00000628
[   67346.015967] /dev/input/event2: 0003 003a 00000042
[   67346.015967] /dev/input/event2: 0000 0000 00000000
[   67346.024431] /dev/input/event2: 0003 0035 0000032c
[   67346.024431] /dev/input/event2: 0003 0036 00000637
[   67346.024431] /dev/input/event2: 0000 0000 00000000
[   67346.032915] /dev/input/event2: 0003 0035 00000334
[   67346.032915] /dev/input/event2: 0003 0036 00000643
[   67346.032915] /dev/input/event2: 0000 0000 00000000
[   67346.041221] /dev/input/event2: 0003 0035 00000338
[   67346.041221] /dev/input/event2: 0003 0036 0000064d
[   67346.041221] /dev/input/event2: 0000 0000 00000000
[   67346.049679] /dev/input/event2: 0003 0035 00000339
[   67346.049679] /dev/input/event2: 0003 0036 00000655
[   67346.049679] /dev/input/event2: 0003 003a 00000040
[   67346.049679] /dev/input/event2: 0000 0000 00000000
[   67346.058409] /dev/input/event2: 0003 0035 00000337
[   67346.058409] /dev/input/event2: 0003 0036 0000065b
[   67346.058409] /dev/input/event2: 0000 0000 00000000
[   67346.066700] /dev/input/event2: 0003 0035 00000333
[   67346.066700] /dev/input/event2: 0003 0036 0000065f
[   67346.066700] /dev/input/event2: 0003 003a 0000003f
[   67346.066700] /dev/input/event2: 0000 0000 00000000
[   67346.074453] /dev/input/event2: 0003 0035 00000329
[   67346.074453] /dev/input/event2: 0003 0036 00000663
[   67346.074453] /dev/input/event2: 0003 003a 00000038
[   67346.074453] /dev/input/event2: 0000 0000 00000000
[   67346.082949] /dev/input/event2: 0003 0035 0000031b
[   67346.082949] /dev/input/event2: 0003 0036 00000664
[   67346.082949] /dev/input/event2: 0000 0000 00000000
[   67346.091489] /dev/input/event2: 0003 0035 00000309
[   67346.091489] /dev/input/event2: 0003 0036 00000660
[   67346.091489] /dev/input/event2: 0003 0031 00000003
[   67346.091489] /dev/input/event2: 0000 0000 00000000
[   67346.100711] /dev/input/event2: 0003 0035 000002f6
[   67346.100711] /dev/input/event2: 0003 0036 00000659
[   67346.100711] /dev/input/event2: 0003 0031 00000004
[   67346.100711] /dev/input/event2: 0003 003a 0000003d
[   67346.100711] /dev/input/event2: 0000 0000 00000000
[   67346.109160] /dev/input/event2: 0003 0035 000002e6
[   67346.109160] /dev/input/event2: 0003 0036 00000651
[   67346.109160] /dev/input/event2: 0003 003a 0000003e
[   67346.109160] /dev/input/event2: 0000 0000 00000000
[   67346.117667] /dev/input/event2: 0003 0035 000002da
[   67346.117667] /dev/input/event2: 0003 0036 00000648
[   67346.117667] /dev/input/event2: 0003 003a 0000003f
[   67346.117667] /dev/input/event2: 0000 0000 00000000
[   67346.126157] /dev/input/event2: 0003 0035 000002d1
[   67346.126157] /dev/input/event2: 0003 0036 0000063e
[   67346.126157] /dev/input/event2: 0003 003a 0000003e
[   67346.126157] /dev/input/event2: 0000 0000 00000000
[   67346.134677] /dev/input/event2: 0003 0035 000002c9
[   67346.134677] /dev/input/event2: 0003 0036 00000632
[   67346.134677] /dev/input/event2: 0000 0000 00000000
[   67346.143106] /dev/input/event2: 0003 0035 000002c3
[   67346.143106] /dev/input/event2: 0003 0036 00000625
[   67346.143106] /dev/input/event2: 0000 0000 00000000
[   67346.151384] /dev/input/event2: 0003 0035 000002c1
[   67346.151384] /dev/input/event2: 0003 0036 00000619
[   67346.151384] /dev/input/event2: 0000 0000 00000000
[   67346.159990] /dev/input/event2: 0003 0035 000002c3
[   67346.159990] /dev/input/event2: 0003 0036 0000060f
[   67346.159990] /dev/input/event2: 0000 0000 00000000
[   67346.168470] /dev/input/event2: 0003 0035 000002c7
[   67346.168470] /dev/input/event2: 0003 0036 00000606
[   67346.168470] /dev/input/event2: 0003 003a 0000003f
[   67346.168470] /dev/input/event2: 0000 0000 00000000
[   67346.176867] /dev/input/event2: 0003 0035 000002cc
[   67346.176867] /dev/input/event2: 0003 0036 00000600
[   67346.176867] /dev/input/event2: 0000 0000 00000000
[   67346.184759] /dev/input/event2: 0003 0035 000002d9
[   67346.184759] /dev/input/event2: 0003 0036 000005fa
[   67346.184759] /dev/input/event2: 0003 003a 00000039
[   67346.184759] /dev/input/event2: 0000 0000 00000000
[   67346.193169] /dev/input/event2: 0003 0035 000002ea
[   67346.193169] /dev/input/event2: 0003 0036 000005f7
[   67346.193169] /dev/input/event2: 0000 0000 00000000
[   67346.201640] /dev/input/event2: 0003 0035 00000300
[   67346.201640] /dev/input/event2: 0003 0036 000005f9
[   67346.201640] /dev/input/event2: 0000 0000 00000000
[   67346.210265] /dev/input/event2: 0003 0035 00000319
[   67346.210265] /dev/input/event2: 0003 0036 00000601
[   67346.210265] /dev/input/event2: 0000 0000 00000000
[   67346.219347] /dev/input/event2: 0003 0035 0000032f
[   67346.219347] /dev/input/event2: 0003 0036 0000060c
[   67346.219347] /dev/input/event2: 0003 003a 00000041
[   67346.219347] /dev/input/event2: 0000 0000 00000000
[   67346.227152] /dev/input/event2: 0003 0035 00000345
[   67346.227152] /dev/input/event2: 0003 0036 00000618
[   67346.227152] /dev/input/event2: 0003 003a 0000003a
[   67346.227152] /dev/input/event2: 0000 0000 00000000
[   67346.235632] /dev/input/event2: 0003 0035 00000357
[   67346.235632] /dev/input/event2: 0003 0036 00000622
[   67346.235632] /dev/input/event2: 0000 0000 00000000
[   67346.244699] /dev/input/event2: 0003 0035 00000363
[   67346.244699] /dev/input/event2: 0003 0036 00000629
[   67346.244699] /dev/input/event2: 0003 003a 00000042
[   67346.244699] /dev/input/event2: 0000 0000 00000000
[   67346.253116] /dev/input/event2: 0003 0035 0000036a
[   67346.253116] /dev/input/event2: 0003 0036 0000062d
[   67346.253116] /dev/input/event2: 0000 0000 00000000
[   67346.261689] /dev/input/event2: 0003 0035 0000036e
[   67346.261689] /dev/input/event2: 0003 0036 00000630
[   67346.261689] /dev/input/event2: 0000 0000 00000000
[   67346.270038] /dev/input/event2: 0003 0035 00000370
[   67346.270038] /dev/input/event2: 0003 0036 00000631
[   67346.270038] /dev/input/event2: 0003 003a 00000041
[   67346.270038] /dev/input/event2: 0000 0000 00000000
[   67346.287183] /dev/input/event2: 0003 0035 0000036f
[   67346.287183] /dev/input/event2: 0003 003a 00000040
[   67346.287183] /dev/input/event2: 0000 0000 00000000
[   67346.294815] /dev/input/event2: 0003 0035 0000036a
[   67346.294815] /dev/input/event2: 0003 0036 00000630
[   67346.294815] /dev/input/event2: 0003 003a 00000039
[   67346.294815] /dev/input/event2: 0000 0000 00000000
[   67346.303392] /dev/input/event2: 0003 0035 0000035e
[   67346.303392] /dev/input/event2: 0003 0036 0000062c
[   67346.303392] /dev/input/event2: 0003 003a 00000038
[   67346.303392] /dev/input/event2: 0000 0000 00000000
[   67346.311900] /dev/input/event2: 0003 0035 00000351
[   67346.311900] /dev/input/event2: 0003 0036 00000625
[   67346.311900] /dev/input/event2: 0000 0000 00000000
[   67346.320940] /dev/input/event2: 0003 0035 00000343
[   67346.320940] /dev/input/event2: 0003 0036 0000061d
[   67346.320940] /dev/input/event2: 0003 003a 0000003f
[   67346.320940] /dev/input/event2: 0000 0000 00000000
[   67346.329392] /dev/input/event2: 0003 0035 00000337
[   67346.329392] /dev/input/event2: 0003 0036 00000616
[   67346.329392] /dev/input/event2: 0000 0000 00000000
[   67346.337890] /dev/input/event2: 0003 0035 0000032e
[   67346.337890] /dev/input/event2: 0003 0036 00000610
[   67346.337890] /dev/input/event2: 0000 0000 00000000
[   67346.346365] /dev/input/event2: 0003 0035 00000328
[   67346.346365] /dev/input/event2: 0003 0036 0000060c
[   67346.346365] /dev/input/event2: 0000 0000 00000000
[   67346.354839] /dev/input/event2: 0003 0035 00000323
[   67346.354839] /dev/input/event2: 0003 0036 00000609
[   67346.354839] /dev/input/event2: 0003 003a 00000040
[   67346.354839] /dev/input/event2: 0000 0000 00000000
[   67346.363332] /dev/input/event2: 0003 0035 00000320
[   67346.363332] /dev/input/event2: 0003 0036 00000607
[   67346.363332] /dev/input/event2: 0000 0000 00000000
[   67346.371782] /dev/input/event2: 0003 0035 0000031e
[   67346.371782] /dev/input/event2: 0003 0036 00000606
[   67346.371782] /dev/input/event2: 0000 0000 00000000
[   67346.380214] /dev/input/event2: 0003 0035 0000031d
[   67346.380214] /dev/input/event2: 0000 0000 00000000
[   67346.388878] /dev/input/event2: 0003 0036 00000607
[   67346.388878] /dev/input/event2: 0000 0000 00000000
[   67346.397385] /dev/input/event2: 0003 0035 0000031f
[   67346.397385] /dev/input/event2: 0003 0036 0000060b
[   67346.397385] /dev/input/event2: 0000 0000 00000000
[   67346.405020] /dev/input/event2: 0003 0035 00000326
[   67346.405020] /dev/input/event2: 0003 0036 00000618
[   67346.405020] /dev/input/event2: 0003 003a 00000039
[   67346.405020] /dev/input/event2: 0000 0000 00000000
[   67346.413673] /dev/input/event2: 0003 0035 00000332
[   67346.413673] /dev/input/event2: 0003 0036 0000062d
[   67346.413673] /dev/input/event2: 0000 0000 00000000
[   67346.422831] /dev/input/event2: 0003 0035 0000033f
[   67346.422831] /dev/input/event2: 0003 0036 00000643
[   67346.422831] /dev/input/event2: 0003 003a 00000041
[   67346.422831] /dev/input/event2: 0000 0000 00000000
[   67346.431201] /dev/input/event2: 0003 0035 0000034b
[   67346.431201] /dev/input/event2: 0003 0036 0000065b
[   67346.431201] /dev/input/event2: 0000 0000 00000000
[   67346.439093] /dev/input/event2: 0003 0035 00000355
[   67346.439093] /dev/input/event2: 0003 0036 00000672
[   67346.439093] /dev/input/event2: 0003 003a 00000039
[   67346.439093] /dev/input/event2: 0000 0000 00000000
[   67346.447367] /dev/input/event2: 0003 0035 0000035d
[   67346.447367] /dev/input/event2: 0003 0036 00000685
[   67346.447367] /dev/input/event2: 0000 0000 00000000
[   67346.456718] /dev/input/event2: 0003 0035 00000362
[   67346.456718] /dev/input/event2: 0003 0036 00000694
[   67346.456718] /dev/input/event2: 0003 003a 00000041
[   67346.456718] /dev/input/event2: 0000 0000 00000000
[   67346.465162] /dev/input/event2: 0003 0035 00000365
[   67346.465162] /dev/input/event2: 0003 0036 0000069f
[   67346.465162] /dev/input/event2: 0003 003a 00000042
[   67346.465162] /dev/input/event2: 0000 0000 00000000
[   67346.473560] /dev/input/event2: 0003 0035 00000366
[   67346.473560] /dev/input/event2: 0003 0036 000006a6
[   67346.473560] /dev/input/event2: 0003 003a 00000041
[   67346.473560] /dev/input/event2: 0000 0000 00000000
[   67346.482067] /dev/input/event2: 0003 0036 000006aa
[   67346.482067] /dev/input/event2: 0000 0000 00000000
[   67346.490610] /dev/input/event2: 0003 0035 00000365
[   67346.490610] /dev/input/event2: 0003 0036 000006ac
[   67346.490610] /dev/input/event2: 0000 0000 00000000
[   67346.498874] /dev/input/event2: 0003 0035 00000360
[   67346.498874] /dev/input/event2: 0003 0036 000006ad
[   67346.498874] /dev/input/event2: 0003 003a 00000040
[   67346.498874] /dev/input/event2: 0000 0000 00000000
[   67346.506898] /dev/input/event2: 0003 0035 00000353
[   67346.506898] /dev/input/event2: 0003 0036 000006a8
[   67346.506898] /dev/input/event2: 0003 003a 00000038
[   67346.506898] /dev/input/event2: 0000 0000 00000000
[   67346.515190] /dev/input/event2: 0003 0035 00000335
[   67346.515190] /dev/input/event2: 0003 0036 00000697
[   67346.515190] /dev/input/event2: 0000 0000 00000000
[   67346.523720] /dev/input/event2: 0003 0035 0000030d
[   67346.523720] /dev/input/event2: 0003 0036 00000677
[   67346.523720] /dev/input/event2: 0000 0000 00000000
[   67346.532204] /dev/input/event2: 0003 0035 000002d9
[   67346.532204] /dev/input/event2: 0003 0036 0000064b
[   67346.532204] /dev/input/event2: 0000 0000 00000000
[   67346.540632] /dev/input/event2: 0003 0035 0000029f
[   67346.540632] /dev/input/event2: 0003 0036 0000061b
[   67346.540632] /dev/input/event2: 0003 003a 00000037
[   67346.540632] /dev/input/event2: 0000 0000 00000000
[   67346.549042] /dev/input/event2: 0003 0035 0000026b
[   67346.549042] /dev/input/event2: 0003 0036 000005ee
[   67346.549042] /dev/input/event2: 0000 0000 00000000
[   67346.557614] /dev/input/event2: 0003 0035 00000243
[   67346.557614] /dev/input/event2: 0003 0036 000005c8
[   67346.557614] /dev/input/event2: 0000 0000 00000000
[   67346.566009] /dev/input/event2: 0003 0035 0000021d
[   67346.566009] /dev/input/event2: 0003 0036 000005a3
[   67346.566009] /dev/input/event2: 0000 0000 00000000
[   67346.574435] /dev/input/event2: 0003 0035 000001fb
[   67346.574435] /dev/input/event2: 0003 0036 0000057a
[   67346.574435] /dev/input/event2: 0000 0000 00000000
[   67346.582997] /dev/input/event2: 0003 0035 000001e0
[   67346.582997] /dev/input/event2: 0003 0036 00000559
[   67346.582997] /dev/input/event2: 0000 0000 00000000
[   67346.591397] /dev/input/event2: 0003 0035 000001cb
[   67346.591397] /dev/input/event2: 0003 0036 00000540
[   67346.591397] /dev/input/event2: 0000 0000 00000000
[   67346.599860] /dev/input/event2: 0003 0035 000001ba
[   67346.599860] /dev/input/event2: 0003 0036 00000527
[   67346.599860] /dev/input/event2: 0003 003a 00000036
[   67346.599860] /dev/input/event2: 0000 0000 00000000
[   67346.609276] /dev/input/event2: 0003 0035 000001ad
[   67346.609276] /dev/input/event2: 0003 0036 00000514
[   67346.609276] /dev/input/event2: 0003 003a 0000003e
[   67346.609276] /dev/input/event2: 0000 0000 00000000
[   67346.617719] /dev/input/event2: 0003 0035 000001a1
[   67346.617719] /dev/input/event2: 0003 0036 00000501
[   67346.617719] /dev/input/event2: 0003 003a 0000003c
[   67346.617719] /dev/input/event2: 0000 0000 00000000
[   67346.625291] /dev/input/event2: 0003 0035 00000194
[   67346.625291] /dev/input/event2: 0003 0036 000004ef
[   67346.625291] /dev/input/event2: 0003 003a 00000036
[   67346.625291] /dev/input/event2: 0000 0000 00000000
[   67346.633863] /dev/input/event2: 0003 0035 00000183
[   67346.633863] /dev/input/event2: 0003 0036 000004db
[   67346.633863] /dev/input/event2: 0003 003a 00000033
[   67346.633863] /dev/input/event2: 0000 0000 00000000
[   67346.642350] /dev/input/event2: 0003 0035 00000169
[   67346.642350] /dev/input/event2: 0003 0036 000004cb
[   67346.642350] /dev/input/event2: 0003 0030 00000004
[   67346.642350] /dev/input/event2: 0003 0031 00000003
[   67346.642350] /dev/input/event2: 0003 003a 00000012
[   67346.642350] /dev/input/event2: 0000 0000 00000000
[   67346.650560] /dev/input/event2: 0003 0039 ffffffff
[   67346.650560] /dev/input/event2: 0000 0000 00000000
