[   67246.920007] /dev/input/event4: 0001 0073 00000001
[   67246.920007] /dev/input/event4: 0000 0000 00000000
[   67247.103345] /dev/input/event4: 0001 0073 00000000
[   67247.103345] /dev/input/event4: 0000 0000 00000000
[   67252.792300] /dev/input/event2: 0003 0039 0000124f
[   67252.792300] /dev/input/event2: 0003 0035 0000020a
[   67252.792300] /dev/input/event2: 0003 0036 0000067a
[   67252.792300] /dev/input/event2: 0003 0030 00000005
[   67252.792300] /dev/input/event2: 0003 003a 0000002d
[   67252.792300] /dev/input/event2: 0000 0000 00000000
[   67252.809197] /dev/input/event2: 0003 0036 00000679
[   67252.809197] /dev/input/event2: 0003 0031 00000004
[   67252.809197] /dev/input/event2: 0003 003a 0000003a
[   67252.809197] /dev/input/event2: 0000 0000 00000000
[   67252.817629] /dev/input/event2: 0003 0036 00000677
[   67252.817629] /dev/input/event2: 0003 0031 00000003
[   67252.817629] /dev/input/event2: 0003 003a 0000003c
[   67252.817629] /dev/input/event2: 0000 0000 00000000
[   67252.826276] /dev/input/event2: 0003 0036 00000672
[   67252.826276] /dev/input/event2: 0003 0031 00000004
[   67252.826276] /dev/input/event2: 0000 0000 00000000
[   67252.834596] /dev/input/event2: 0003 0036 0000066b
[   67252.834596] /dev/input/event2: 0003 003a 0000003d
[   67252.834596] /dev/input/event2: 0000 0000 00000000
[   67252.843025] /dev/input/event2: 0003 0035 0000020b
[   67252.843025] /dev/input/event2: 0003 0036 00000661
[   67252.843025] /dev/input/event2: 0003 003a 0000003e
[   67252.843025] /dev/input/event2: 0000 0000 00000000
[   67252.851557] /dev/input/event2: 0003 0035 0000020d
[   67252.851557] /dev/input/event2: 0003 0036 00000652
[   67252.851557] /dev/input/event2: 0000 0000 00000000
[   67252.860019] /dev/input/event2: 0003 0035 00000210
[   67252.860019] /dev/input/event2: 0003 0036 00000640
[   67252.860019] /dev/input/event2: 0000 0000 00000000
[   67252.867638] /dev/input/event2: 0003 0035 00000214
[   67252.867638] /dev/input/event2: 0003 0036 0000062d
[   67252.867638] /dev/input/event2: 0003 003a 00000037
[   67252.867638] /dev/input/event2: 0000 0000 00000000
[   67252.876240] /dev/input/event2: 0003 0035 0000021a
[   67252.876240] /dev/input/event2: 0003 0036 00000619
[   67252.876240] /dev/input/event2: 0003 003a 00000038
[   67252.876240] /dev/input/event2: 0000 0000 00000000
[   67252.885266] /dev/input/event2: 0003 0035 00000223
[   67252.885266] /dev/input/event2: 0003 0036 00000606
[   67252.885266] /dev/input/event2: 0003 003a 0000003f
[   67252.885266] /dev/input/event2: 0000 0000 00000000
[   67252.893932] /dev/input/event2: 0003 0035 0000022d
[   67252.893932] /dev/input/event2: 0003 0036 000005f4
[   67252.893932] /dev/input/event2: 0003 003a 00000040
[   67252.893932] /dev/input/event2: 0000 0000 00000000
[   67252.902418] /dev/input/event2: 0003 0035 00000238
[   67252.902418] /dev/input/event2: 0003 0036 000005e5
[   67252.902418] /dev/input/event2: 0000 0000 00000000
[   67252.910754] /dev/input/event2: 0003 0035 00000246
[   67252.910754] /dev/input/event2: 0003 0036 000005d7
[   67252.910754] /dev/input/event2: 0003 003a 0000003f
[   67252.910754] /dev/input/event2: 0000 0000 00000000
[   67252.918845] /dev/input/event2: 0003 0035 00000258
[   67252.918845] /dev/input/event2: 0003 0036 000005ca
[   67252.918845] /dev/input/event2: 0003 003a 00000039
[   67252.918845] /dev/input/event2: 0000 0000 00000000
[   67252.927230] /dev/input/event2: 0003 0035 0000026c
[   67252.927230] /dev/input/event2: 0003 0036 000005c0
[   67252.927230] /dev/input/event2: 0000 0000 00000000
[   67252.935430] /dev/input/event2: 0003 0035 00000285
[   67252.935430] /dev/input/event2: 0003 0036 000005ba
[   67252.935430] /dev/input/event2: 0000 0000 00000000
[   67252.944037] /dev/input/event2: 0003 0035 0000029c
[   67252.944037] /dev/input/event2: 0000 0000 00000000
[   67252.952484] /dev/input/event2: 0003 0035 000002b7
[   67252.952484] /dev/input/event2: 0003 0036 000005c1
[   67252.952484] /dev/input/event2: 0003 003a 0000003a
[   67252.952484] /dev/input/event2: 0000 0000 00000000
[   67252.960957] /dev/input/event2: 0003 0035 000002d2
[   67252.960957] /dev/input/event2: 0003 0036 000005cf
[   67252.960957] /dev/input/event2: 0003 003a 00000039
[   67252.960957] /dev/input/event2: 0000 0000 00000000
[   67252.969417] /dev/input/event2: 0003 0035 000002e9
[   67252.969417] /dev/input/event2: 0003 0036 000005e3
[   67252.969417] /dev/input/event2: 0000 0000 00000000
[   67252.977907] /dev/input/event2: 0003 0035 00000302
[   67252.977907] /dev/input/event2: 0003 0036 000005ff
[   67252.977907] /dev/input/event2: 0003 003a 0000003a
[   67252.977907] /dev/input/event2: 0000 0000 00000000
[   67252.986455] /dev/input/event2: 0003 0035 0000031a
[   67252.986455] /dev/input/event2: 0003 0036 0000061f
[   67252.986455] /dev/input/event2: 0000 0000 00000000
[   67252.994916] /dev/input/event2: 0003 0035 0000032c
[   67252.994916] /dev/input/event2: 0003 0036 0000063e
[   67252.994916] /dev/input/event2: 0000 0000 00000000
[   67253.003957] /dev/input/event2: 0003 0035 00000337
[   67253.003957] /dev/input/event2: 0003 0036 00000654
[   67253.003957] /dev/input/event2: 0003 003a 00000042
[   67253.003957] /dev/input/event2: 0000 0000 00000000
[   67253.012366] /dev/input/event2: 0003 0035 0000033e
[   67253.012366] /dev/input/event2: 0003 0036 00000666
[   67253.012366] /dev/input/event2: 0003 003a 00000041
[   67253.012366] /dev/input/event2: 0000 0000 00000000
[   67253.020946] /dev/input/event2: 0003 0035 00000341
[   67253.020946] /dev/input/event2: 0003 0036 00000674
[   67253.020946] /dev/input/event2: 0000 0000 00000000
[   67253.029377] /dev/input/event2: 0003 0036 0000067e
[   67253.029377] /dev/input/event2: 0003 003a 00000040
[   67253.029377] /dev/input/event2: 0000 0000 00000000
[   67253.037995] /dev/input/event2: 0003 0035 0000033f
[   67253.037995] /dev/input/event2: 0003 0036 00000685
[   67253.037995] /dev/input/event2: 0000 0000 00000000
[   67253.046406] /dev/input/event2: 0003 0035 0000033d
[   67253.046406] /dev/input/event2: 0003 0036 00000689
[   67253.046406] /dev/input/event2: 0003 003a 00000041
[   67253.046406] /dev/input/event2: 0000 0000 00000000
[   67253.054889] /dev/input/event2: 0003 0035 0000033b
[   67253.054889] /dev/input/event2: 0003 0036 0000068a
[   67253.054889] /dev/input/event2: 0003 003a 00000040
[   67253.054889] /dev/input/event2: 0000 0000 00000000
[   67253.063243] /dev/input/event2: 0003 0035 00000337
[   67253.063243] /dev/input/event2: 0003 003a 0000003f
[   67253.063243] /dev/input/event2: 0000 0000 00000000
[   67253.071695] /dev/input/event2: 0003 0035 00000330
[   67253.071695] /dev/input/event2: 0003 0036 00000688
[   67253.071695] /dev/input/event2: 0000 0000 00000000
[   67253.080413] /dev/input/event2: 0003 0035 00000327
[   67253.080413] /dev/input/event2: 0003 0036 00000683
[   67253.080413] /dev/input/event2: 0003 003a 00000040
[   67253.080413] /dev/input/event2: 0000 0000 00000000
[   67253.088141] /dev/input/event2: 0003 0035 0000031e
[   67253.088141] /dev/input/event2: 0003 0036 0000067a
[   67253.088141] /dev/input/event2: 0003 003a 00000038
[   67253.088141] /dev/input/event2: 0000 0000 00000000
[   67253.096523] /dev/input/event2: 0003 0035 00000314
[   67253.096523] /dev/input/event2: 0003 0036 0000066d
[   67253.096523] /dev/input/event2: 0000 0000 00000000
[   67253.105041] /dev/input/event2: 0003 0035 0000030c
[   67253.105041] /dev/input/event2: 0003 0036 0000065d
[   67253.105041] /dev/input/event2: 0003 003a 00000039
[   67253.105041] /dev/input/event2: 0000 0000 00000000
[   67253.114168] /dev/input/event2: 0003 0035 00000306
[   67253.114168] /dev/input/event2: 0003 0036 0000064d
[   67253.114168] /dev/input/event2: 0003 003a 00000041
[   67253.114168] /dev/input/event2: 0000 0000 00000000
[   67253.122589] /dev/input/event2: 0003 0035 00000304
[   67253.122589] /dev/input/event2: 0003 0036 0000063d
[   67253.122589] /dev/input/event2: 0003 003a 00000040
[   67253.122589] /dev/input/event2: 0000 0000 00000000
[   67253.131095] /dev/input/event2: 0003 0035 00000307
[   67253.131095] /dev/input/event2: 0003 0036 00000630
[   67253.131095] /dev/input/event2: 0003 003a 0000003f
[   67253.131095] /dev/input/event2: 0000 0000 00000000
[   67253.139655] /dev/input/event2: 0003 0035 0000030c
[   67253.139655] /dev/input/event2: 0003 0036 00000627
[   67253.139655] /dev/input/event2: 0003 003a 00000040
[   67253.139655] /dev/input/event2: 0000 0000 00000000
[   67253.147416] /dev/input/event2: 0003 0035 00000313
[   67253.147416] /dev/input/event2: 0003 0036 00000621
[   67253.147416] /dev/input/event2: 0003 003a 00000039
[   67253.147416] /dev/input/event2: 0000 0000 00000000
[   67253.155876] /dev/input/event2: 0003 0035 00000323
[   67253.155876] /dev/input/event2: 0003 0036 0000061d
[   67253.155876] /dev/input/event2: 0000 0000 00000000
[   67253.165007] /dev/input/event2: 0003 0035 00000335
[   67253.165007] /dev/input/event2: 0003 0036 0000061f
[   67253.165007] /dev/input/event2: 0003 003a 00000041
[   67253.165007] /dev/input/event2: 0000 0000 00000000
[   67253.172832] /dev/input/event2: 0003 0035 0000034a
[   67253.172832] /dev/input/event2: 0003 0036 00000626
[   67253.172832] /dev/input/event2: 0003 003a 0000003b
[   67253.172832] /dev/input/event2: 0000 0000 00000000
[   67253.181282] /dev/input/event2: 0003 0035 0000035e
[   67253.181282] /dev/input/event2: 0003 0036 00000630
[   67253.181282] /dev/input/event2: 0003 003a 0000003c
[   67253.181282] /dev/input/event2: 0000 0000 00000000
[   67253.189811] /dev/input/event2: 0003 0035 0000036d
[   67253.189811] /dev/input/event2: 0003 0036 0000063c
[   67253.189811] /dev/input/event2: 0000 0000 00000000
[   67253.198953] /dev/input/event2: 0003 0035 00000377
[   67253.198953] /dev/input/event2: 0003 0036 00000646
[   67253.198953] /dev/input/event2: 0003 003a 00000044
[   67253.198953] /dev/input/event2: 0000 0000 00000000
[   67253.207454] /dev/input/event2: 0003 0035 0000037f
[   67253.207454] /dev/input/event2: 0003 0036 00000651
[   67253.207454] /dev/input/event2: 0000 0000 00000000
[   67253.215861] /dev/input/event2: 0003 0035 00000385
[   67253.215861] /dev/input/event2: 0003 0036 0000065b
[   67253.215861] /dev/input/event2: 0000 0000 00000000
[   67253.224251] /dev/input/event2: 0003 0035 00000387
[   67253.224251] /dev/input/event2: 0003 0036 00000663
[   67253.224251] /dev/input/event2: 0003 003a 00000043
[   67253.224251] /dev/input/event2: 0000 0000 00000000
[   67253.232752] /dev/input/event2: 0003 0035 00000386
[   67253.232752] /dev/input/event2: 0003 0036 00000668
[   67253.232752] /dev/input/event2: 0003 003a 00000042
[   67253.232752] /dev/input/event2: 0000 0000 00000000
[   67253.241318] /dev/input/event2: 0003 0035 00000383
[   67253.241318] /dev/input/event2: 0003 0036 0000066a
[   67253.241318] /dev/input/event2: 0003 003a 00000041
[   67253.241318] /dev/input/event2: 0000 0000 00000000
[   67253.249756] /dev/input/event2: 0003 0035 0000037e
[   67253.249756] /dev/input/event2: 0003 0036 0000066b
[   67253.249756] /dev/input/event2: 0003 003a 00000040
[   67253.249756] /dev/input/event2: 0000 0000 00000000
[   67253.258197] /dev/input/event2: 0003 0035 00000374
[   67253.258197] /dev/input/event2: 0000 0000 00000000
[   67253.266696] /dev/input/event2: 0003 0035 00000368
[   67253.266696] /dev/input/event2: 0003 0036 00000667
[   67253.266696] /dev/input/event2: 0000 0000 00000000
[   67253.275221] /dev/input/event2: 0003 0035 0000035c
[   67253.275221] /dev/input/event2: 0003 0036 0000065f
[   67253.275221] /dev/input/event2: 0003 003a 00000041
[   67253.275221] /dev/input/event2: 0000 0000 00000000
[   67253.282938] /dev/input/event2: 0003 0035 00000352
[   67253.282938] /dev/input/event2: 0003 0036 00000656
[   67253.282938] /dev/input/event2: 0003 003a 00000039
[   67253.282938] /dev/input/event2: 0000 0000 00000000
[   67253.291469] /dev/input/event2: 0003 0035 00000348
[   67253.291469] /dev/input/event2: 0003 0036 0000064b
[   67253.291469] /dev/input/event2: 0000 0000 00000000
[   67253.300871] /dev/input/event2: 0003 0035 00000340
[   67253.300871] /dev/input/event2: 0003 0036 0000063f
[   67253.300871] /dev/input/event2: 0003 003a 00000041
[   67253.300871] /dev/input/event2: 0000 0000 00000000
[   67253.309198] /dev/input/event2: 0003 0035 0000033b
[   67253.309198] /dev/input/event2: 0003 0036 00000633
[   67253.309198] /dev/input/event2: 0003 003a 00000040
[   67253.309198] /dev/input/event2: 0000 0000 00000000
[   67253.317625] /dev/input/event2: 0003 0035 00000338
[   67253.317625] /dev/input/event2: 0003 0036 00000629
[   67253.317625] /dev/input/event2: 0003 003a 00000041
[   67253.317625] /dev/input/event2: 0000 0000 00000000
[   67253.326080] /dev/input/event2: 0003 0036 00000621
[   67253.326080] /dev/input/event2: 0000 0000 00000000
[   67253.334425] /dev/input/event2: 0003 0035 0000033a
[   67253.334425] /dev/input/event2: 0003 0036 0000061c
[   67253.334425] /dev/input/event2: 0003 003a 00000040
[   67253.334425] /dev/input/event2: 0000 0000 00000000
[   67253.343059] /dev/input/event2: 0003 0035 00000340
[   67253.343059] /dev/input/event2: 0003 0036 00000619
[   67253.343059] /dev/input/event2: 0000 0000 00000000
[   67253.350861] /dev/input/event2: 0003 0035 0000034a
[   67253.350861] /dev/input/event2: 0003 003a 0000003a
[   67253.350861] /dev/input/event2: 0000 0000 00000000
[   67253.359319] /dev/input/event2: 0003 0035 0000035b
[   67253.359319] /dev/input/event2: 0003 0036 0000061f
[   67253.359319] /dev/input/event2: 0000 0000 00000000
[   67253.367709] /dev/input/event2: 0003 0035 0000036e
[   67253.367709] /dev/input/event2: 0003 0036 0000062c
[   67253.367709] /dev/input/event2: 0000 0000 00000000
[   67253.376262] /dev/input/event2: 0003 0035 0000037d
[   67253.376262] /dev/input/event2: 0003 0036 0000063c
[   67253.376262] /dev/input/event2: 0003 003a 0000003b
[   67253.376262] /dev/input/event2: 0000 0000 00000000
[   67253.384691] /dev/input/event2: 0003 0035 0000038a
[   67253.384691] /dev/input/event2: 0003 0036 00000649
[   67253.384691] /dev/input/event2: 0000 0000 00000000
[   67253.393935] /dev/input/event2: 0003 0035 00000396
[   67253.393935] /dev/input/event2: 0003 0036 0000065b
[   67253.393935] /dev/input/event2: 0003 003a 00000042
[   67253.393935] /dev/input/event2: 0000 0000 00000000
[   67253.402340] /dev/input/event2: 0003 0035 0000039e
[   67253.402340] /dev/input/event2: 0003 0036 00000668
[   67253.402340] /dev/input/event2: 0000 0000 00000000
[   67253.410664] /dev/input/event2: 0003 0035 000003a2
[   67253.410664] /dev/input/event2: 0003 0036 00000671
[   67253.410664] /dev/input/event2: 0000 0000 00000000
[   67253.419236] /dev/input/event2: 0003 0035 000003a3
[   67253.419236] /dev/input/event2: 0003 0036 00000676
[   67253.419236] /dev/input/event2: 0000 0000 00000000
[   67253.427644] /dev/input/event2: 0003 0035 000003a1
[   67253.427644] /dev/input/event2: 0003 0036 00000678
[   67253.427644] /dev/input/event2: 0003 003a 00000041
[   67253.427644] /dev/input/event2: 0000 0000 00000000
[   67253.436258] /dev/input/event2: 0003 0035 0000039c
[   67253.436258] /dev/input/event2: 0003 0036 00000679
[   67253.436258] /dev/input/event2: 0003 003a 00000040
[   67253.436258] /dev/input/event2: 0000 0000 00000000
[   67253.444140] /dev/input/event2: 0003 0035 00000391
[   67253.444140] /dev/input/event2: 0003 0036 00000676
[   67253.444140] /dev/input/event2: 0003 003a 00000039
[   67253.444140] /dev/input/event2: 0000 0000 00000000
[   67253.452474] /dev/input/event2: 0003 0035 0000037e
[   67253.452474] /dev/input/event2: 0003 0036 0000066a
[   67253.452474] /dev/input/event2: 0000 0000 00000000
[   67253.460999] /dev/input/event2: 0003 0035 00000368
[   67253.460999] /dev/input/event2: 0003 0036 00000658
[   67253.460999] /dev/input/event2: 0003 003a 00000038
[   67253.460999] /dev/input/event2: 0000 0000 00000000
[   67253.469424] /dev/input/event2: 0003 0035 00000353
[   67253.469424] /dev/input/event2: 0003 0036 00000641
[   67253.469424] /dev/input/event2: 0000 0000 00000000
[   67253.477794] /dev/input/event2: 0003 0035 0000033f
[   67253.477794] /dev/input/event2: 0003 0036 00000627
[   67253.477794] /dev/input/event2: 0003 003a 00000039
[   67253.477794] /dev/input/event2: 0000 0000 00000000
[   67253.486333] /dev/input/event2: 0003 0035 00000331
[   67253.486333] /dev/input/event2: 0003 0036 00000611
[   67253.486333] /dev/input/event2: 0000 0000 00000000
[   67253.495495] /dev/input/event2: 0003 0035 00000329
[   67253.495495] /dev/input/event2: 0003 0036 00000600
[   67253.495495] /dev/input/event2: 0003 003a 00000040
[   67253.495495] /dev/input/event2: 0000 0000 00000000
[   67253.503941] /dev/input/event2: 0003 0035 00000325
[   67253.503941] /dev/input/event2: 0003 0036 000005f4
[   67253.503941] /dev/input/event2: 0000 0000 00000000
[   67253.512567] /dev/input/event2: 0003 0035 00000324
[   67253.512567] /dev/input/event2: 0003 0036 000005ed
[   67253.512567] /dev/input/event2: 0000 0000 00000000
[   67253.521010] /dev/input/event2: 0003 0035 00000325
[   67253.521010] /dev/input/event2: 0003 0036 000005ea
[   67253.521010] /dev/input/event2: 0000 0000 00000000
[   67253.528654] /dev/input/event2: 0003 0035 0000032a
[   67253.528654] /dev/input/event2: 0003 0036 000005eb
[   67253.528654] /dev/input/event2: 0003 003a 00000039
[   67253.528654] /dev/input/event2: 0000 0000 00000000
[   67253.537300] /dev/input/event2: 0003 0035 00000339
[   67253.537300] /dev/input/event2: 0003 0036 000005f7
[   67253.537300] /dev/input/event2: 0000 0000 00000000
[   67253.545706] /dev/input/event2: 0003 0035 00000353
[   67253.545706] /dev/input/event2: 0003 0036 00000614
[   67253.545706] /dev/input/event2: 0003 003a 0000003b
[   67253.545706] /dev/input/event2: 0000 0000 00000000
[   67253.554197] /dev/input/event2: 0003 0035 00000373
[   67253.554197] /dev/input/event2: 0003 0036 0000063e
[   67253.554197] /dev/input/event2: 0000 0000 00000000
[   67253.562677] /dev/input/event2: 0003 0035 00000389
[   67253.562677] /dev/input/event2: 0003 0036 00000662
[   67253.562677] /dev/input/event2: 0000 0000 00000000
[   67253.571166] /dev/input/event2: 0003 0035 00000398
[   67253.571166] /dev/input/event2: 0003 0036 00000684
[   67253.571166] /dev/input/event2: 0000 0000 00000000
[   67253.580372] /dev/input/event2: 0003 0035 0000039e
[   67253.580372] /dev/input/event2: 0003 0036 00000695
[   67253.580372] /dev/input/event2: 0003 003a 00000043
[   67253.580372] /dev/input/event2: 0000 0000 00000000
[   67253.588798] /dev/input/event2: 0003 0035 0000039f
[   67253.588798] /dev/input/event2: 0003 0036 000006a3
[   67253.588798] /dev/input/event2: 0003 003a 00000042
[   67253.588798] /dev/input/event2: 0000 0000 00000000
[   67253.597139] /dev/input/event2: 0003 0035 0000039b
[   67253.597139] /dev/input/event2: 0003 0036 000006ac
[   67253.597139] /dev/input/event2: 0000 0000 00000000
[   67253.605765] /dev/input/event2: 0003 0035 00000391
[   67253.605765] /dev/input/event2: 0003 0036 000006b2
[   67253.605765] /dev/input/event2: 0003 003a 00000040
[   67253.605765] /dev/input/event2: 0000 0000 00000000
[   67253.613541] /dev/input/event2: 0003 0035 00000370
[   67253.613541] /dev/input/event2: 0003 0036 000006b3
[   67253.613541] /dev/input/event2: 0003 003a 00000039
[   67253.613541] /dev/input/event2: 0000 0000 00000000
[   67253.621918] /dev/input/event2: 0003 0035 0000033e
[   67253.621918] /dev/input/event2: 0003 0036 000006a0
[   67253.621918] /dev/input/event2: 0003 003a 00000038
[   67253.621918] /dev/input/event2: 0000 0000 00000000
[   67253.630393] /dev/input/event2: 0003 0035 00000301
[   67253.630393] /dev/input/event2: 0003 0036 00000678
[   67253.630393] /dev/input/event2: 0003 0031 00000003
[   67253.630393] /dev/input/event2: 0003 003a 00000037
[   67253.630393] /dev/input/event2: 0000 0000 00000000
[   67253.638976] /dev/input/event2: 0003 0035 000002ba
[   67253.638976] /dev/input/event2: 0003 0036 0000063e
[   67253.638976] /dev/input/event2: 0000 0000 00000000
[   67253.647397] /dev/input/event2: 0003 0035 0000026f
[   67253.647397] /dev/input/event2: 0003 0036 000005fa
[   67253.647397] /dev/input/event2: 0003 0031 00000004
[   67253.647397] /dev/input/event2: 0003 003a 00000036
[   67253.647397] /dev/input/event2: 0000 0000 00000000
[   67253.655763] /dev/input/event2: 0003 0035 00000228
[   67253.655763] /dev/input/event2: 0003 0036 000005ad
[   67253.655763] /dev/input/event2: 0003 003a 00000035
[   67253.655763] /dev/input/event2: 0000 0000 00000000
[   67253.664279] /dev/input/event2: 0003 0035 000001e5
[   67253.664279] /dev/input/event2: 0003 0036 0000055d
[   67253.664279] /dev/input/event2: 0000 0000 00000000
[   67253.672770] /dev/input/event2: 0003 0035 000001a4
[   67253.672770] /dev/input/event2: 0003 0036 00000511
[   67253.672770] /dev/input/event2: 0003 003a 00000036
[   67253.672770] /dev/input/event2: 0000 0000 00000000
[   67253.681197] /dev/input/event2: 0003 0035 0000016a
[   67253.681197] /dev/input/event2: 0003 0036 000004c9
[   67253.681197] /dev/input/event2: 0003 003a 00000034
[   67253.681197] /dev/input/event2: 0000 0000 00000000
[   67253.689730] /dev/input/event2: 0003 0035 00000138
[   67253.689730] /dev/input/event2: 0003 0036 00000488
[   67253.689730] /dev/input/event2: 0003 003a 00000031
[   67253.689730] /dev/input/event2: 0000 0000 00000000
[   67253.698083] /dev/input/event2: 0003 0035 0000010e
[   67253.698083] /dev/input/event2: 0003 0036 00000447
[   67253.698083] /dev/input/event2: 0003 0031 00000003
[   67253.698083] /dev/input/event2: 0003 003a 0000001c
[   67253.698083] /dev/input/event2: 0000 0000 00000000
[   67253.706451] /dev/input/event2: 0003 0039 ffffffff
[   67253.706451] /dev/input/event2: 0000 0000 00000000
