[   72650.615512] /dev/input/event2: 0003 0039 00001621
[   72650.615512] /dev/input/event2: 0003 0035 00000252
[   72650.615512] /dev/input/event2: 0003 0036 00000640
[   72650.615512] /dev/input/event2: 0003 003a 00000033
[   72650.615512] /dev/input/event2: 0000 0000 00000000
[   72650.623865] /dev/input/event2: 0003 0035 00000260
[   72650.623865] /dev/input/event2: 0003 0036 00000635
[   72650.623865] /dev/input/event2: 0003 003a 0000003c
[   72650.623865] /dev/input/event2: 0000 0000 00000000
[   72650.632365] /dev/input/event2: 0003 0036 00000634
[   72650.632365] /dev/input/event2: 0000 0000 00000000
[   72650.641032] /dev/input/event2: 0003 0036 00000633
[   72650.641032] /dev/input/event2: 0003 003a 0000003d
[   72650.641032] /dev/input/event2: 0000 0000 00000000
[   72650.649274] /dev/input/event2: 0003 0036 00000631
[   72650.649274] /dev/input/event2: 0003 0031 00000003
[   72650.649274] /dev/input/event2: 0003 003a 0000003e
[   72650.649274] /dev/input/event2: 0000 0000 00000000
[   72650.657793] /dev/input/event2: 0003 0035 0000025e
[   72650.657793] /dev/input/event2: 0003 0036 0000062b
[   72650.657793] /dev/input/event2: 0003 0031 00000004
[   72650.657793] /dev/input/event2: 0003 003a 0000003d
[   72650.657793] /dev/input/event2: 0000 0000 00000000
[   72650.665479] /dev/input/event2: 0003 0035 00000259
[   72650.665479] /dev/input/event2: 0003 0036 0000061c
[   72650.665479] /dev/input/event2: 0003 003a 00000036
[   72650.665479] /dev/input/event2: 0000 0000 00000000
[   72650.673915] /dev/input/event2: 0003 0035 0000024f
[   72650.673915] /dev/input/event2: 0003 0036 00000601
[   72650.673915] /dev/input/event2: 0000 0000 00000000
[   72650.682469] /dev/input/event2: 0003 0035 00000243
[   72650.682469] /dev/input/event2: 0003 0036 000005e0
[   72650.682469] /dev/input/event2: 0003 003a 00000035
[   72650.682469] /dev/input/event2: 0000 0000 00000000
[   72650.690912] /dev/input/event2: 0003 0035 00000237
[   72650.690912] /dev/input/event2: 0003 0036 000005b8
[   72650.690912] /dev/input/event2: 0000 0000 00000000
[   72650.699401] /dev/input/event2: 0003 0035 0000022e
[   72650.699401] /dev/input/event2: 0003 0036 0000058e
[   72650.699401] /dev/input/event2: 0000 0000 00000000
[   72650.707848] /dev/input/event2: 0003 0035 00000228
[   72650.707848] /dev/input/event2: 0003 0036 0000056b
[   72650.707848] /dev/input/event2: 0003 003a 00000036
[   72650.707848] /dev/input/event2: 0000 0000 00000000
[   72650.716344] /dev/input/event2: 0003 0035 00000226
[   72650.716344] /dev/input/event2: 0003 0036 00000549
[   72650.716344] /dev/input/event2: 0000 0000 00000000
[   72650.724883] /dev/input/event2: 0003 0035 00000227
[   72650.724883] /dev/input/event2: 0003 0036 0000052d
[   72650.724883] /dev/input/event2: 0000 0000 00000000
[   72650.733260] /dev/input/event2: 0003 0035 0000022c
[   72650.733260] /dev/input/event2: 0003 0036 00000515
[   72650.733260] /dev/input/event2: 0003 003a 00000037
[   72650.733260] /dev/input/event2: 0000 0000 00000000
[   72650.742525] /dev/input/event2: 0003 0035 00000234
[   72650.742525] /dev/input/event2: 0003 0036 00000501
[   72650.742525] /dev/input/event2: 0003 003a 0000003e
[   72650.742525] /dev/input/event2: 0000 0000 00000000
[   72650.751143] /dev/input/event2: 0003 0035 0000023e
[   72650.751143] /dev/input/event2: 0003 0036 000004f2
[   72650.751143] /dev/input/event2: 0000 0000 00000000
[   72650.758986] /dev/input/event2: 0003 0035 0000024d
[   72650.758986] /dev/input/event2: 0003 0036 000004e5
[   72650.758986] /dev/input/event2: 0003 003a 00000037
[   72650.758986] /dev/input/event2: 0000 0000 00000000
[   72650.767153] /dev/input/event2: 0003 0035 00000261
[   72650.767153] /dev/input/event2: 0003 0036 000004dc
[   72650.767153] /dev/input/event2: 0000 0000 00000000
[   72650.775769] /dev/input/event2: 0003 0035 0000027e
[   72650.775769] /dev/input/event2: 0003 0036 000004d8
[   72650.775769] /dev/input/event2: 0003 003a 00000038
[   72650.775769] /dev/input/event2: 0000 0000 00000000
[   72650.784199] /dev/input/event2: 0003 0035 0000029d
[   72650.784199] /dev/input/event2: 0003 0036 000004dc
[   72650.784199] /dev/input/event2: 0000 0000 00000000
[   72650.792690] /dev/input/event2: 0003 0035 000002c1
[   72650.792690] /dev/input/event2: 0003 0036 000004ea
[   72650.792690] /dev/input/event2: 0000 0000 00000000
[   72650.801162] /dev/input/event2: 0003 0035 000002e2
[   72650.801162] /dev/input/event2: 0003 0036 000004fd
[   72650.801162] /dev/input/event2: 0003 003a 00000039
[   72650.801162] /dev/input/event2: 0000 0000 00000000
[   72650.809638] /dev/input/event2: 0003 0035 00000304
[   72650.809638] /dev/input/event2: 0003 0036 00000515
[   72650.809638] /dev/input/event2: 0000 0000 00000000
[   72650.818256] /dev/input/event2: 0003 0035 00000320
[   72650.818256] /dev/input/event2: 0003 0036 0000052e
[   72650.818256] /dev/input/event2: 0000 0000 00000000
[   72650.826602] /dev/input/event2: 0003 0035 0000033d
[   72650.826602] /dev/input/event2: 0003 0036 0000054e
[   72650.826602] /dev/input/event2: 0000 0000 00000000
[   72650.835094] /dev/input/event2: 0003 0035 0000035a
[   72650.835094] /dev/input/event2: 0003 0036 00000576
[   72650.835094] /dev/input/event2: 0003 003a 00000038
[   72650.835094] /dev/input/event2: 0000 0000 00000000
[   72650.843625] /dev/input/event2: 0003 0035 00000370
[   72650.843625] /dev/input/event2: 0003 0036 0000059b
[   72650.843625] /dev/input/event2: 0000 0000 00000000
[   72650.852039] /dev/input/event2: 0003 0035 00000380
[   72650.852039] /dev/input/event2: 0003 0036 000005be
[   72650.852039] /dev/input/event2: 0000 0000 00000000
[   72650.860552] /dev/input/event2: 0003 0035 0000038a
[   72650.860552] /dev/input/event2: 0003 0036 000005da
[   72650.860552] /dev/input/event2: 0000 0000 00000000
[   72650.869862] /dev/input/event2: 0003 0035 0000038f
[   72650.869862] /dev/input/event2: 0003 0036 000005f1
[   72650.869862] /dev/input/event2: 0003 003a 00000041
[   72650.869862] /dev/input/event2: 0000 0000 00000000
[   72650.878259] /dev/input/event2: 0003 0035 00000391
[   72650.878259] /dev/input/event2: 0003 0036 00000604
[   72650.878259] /dev/input/event2: 0003 003a 0000003f
[   72650.878259] /dev/input/event2: 0000 0000 00000000
[   72650.886715] /dev/input/event2: 0003 0035 00000390
[   72650.886715] /dev/input/event2: 0003 0036 00000612
[   72650.886715] /dev/input/event2: 0000 0000 00000000
[   72650.895239] /dev/input/event2: 0003 0035 0000038c
[   72650.895239] /dev/input/event2: 0003 0036 0000061b
[   72650.895239] /dev/input/event2: 0000 0000 00000000
[   72650.903783] /dev/input/event2: 0003 0035 00000387
[   72650.903783] /dev/input/event2: 0003 0036 0000061f
[   72650.903783] /dev/input/event2: 0000 0000 00000000
[   72650.911455] /dev/input/event2: 0003 0035 0000037f
[   72650.911455] /dev/input/event2: 0003 0036 00000621
[   72650.911455] /dev/input/event2: 0003 003a 00000038
[   72650.911455] /dev/input/event2: 0000 0000 00000000
[   72650.920874] /dev/input/event2: 0003 0035 0000036f
[   72650.920874] /dev/input/event2: 0003 003a 0000003f
[   72650.920874] /dev/input/event2: 0000 0000 00000000
[   72650.928458] /dev/input/event2: 0003 0035 0000035e
[   72650.928458] /dev/input/event2: 0003 0036 0000061b
[   72650.928458] /dev/input/event2: 0003 003a 00000038
[   72650.928458] /dev/input/event2: 0000 0000 00000000
[   72650.936866] /dev/input/event2: 0003 0035 00000348
[   72650.936866] /dev/input/event2: 0003 0036 0000060f
[   72650.936866] /dev/input/event2: 0000 0000 00000000
[   72650.945457] /dev/input/event2: 0003 0035 00000331
[   72650.945457] /dev/input/event2: 0003 0036 000005ff
[   72650.945457] /dev/input/event2: 0000 0000 00000000
[   72650.953840] /dev/input/event2: 0003 0035 0000031c
[   72650.953840] /dev/input/event2: 0003 0036 000005ed
[   72650.953840] /dev/input/event2: 0003 003a 00000037
[   72650.953840] /dev/input/event2: 0000 0000 00000000
[   72650.962276] /dev/input/event2: 0003 0035 00000309
[   72650.962276] /dev/input/event2: 0003 0036 000005d9
[   72650.962276] /dev/input/event2: 0000 0000 00000000
[   72650.970799] /dev/input/event2: 0003 0035 000002f6
[   72650.970799] /dev/input/event2: 0003 0036 000005c2
[   72650.970799] /dev/input/event2: 0000 0000 00000000
[   72650.979396] /dev/input/event2: 0003 0035 000002e7
[   72650.979396] /dev/input/event2: 0003 0036 000005ab
[   72650.979396] /dev/input/event2: 0000 0000 00000000
[   72650.988519] /dev/input/event2: 0003 0035 000002dd
[   72650.988519] /dev/input/event2: 0003 0036 00000598
[   72650.988519] /dev/input/event2: 0003 003a 0000003e
[   72650.988519] /dev/input/event2: 0000 0000 00000000
[   72650.996923] /dev/input/event2: 0003 0035 000002d7
[   72650.996923] /dev/input/event2: 0003 0036 00000587
[   72650.996923] /dev/input/event2: 0000 0000 00000000
[   72651.005506] /dev/input/event2: 0003 0035 000002d6
[   72651.005506] /dev/input/event2: 0003 0036 00000579
[   72651.005506] /dev/input/event2: 0000 0000 00000000
[   72651.014047] /dev/input/event2: 0003 0035 000002d8
[   72651.014047] /dev/input/event2: 0003 0036 0000056e
[   72651.014047] /dev/input/event2: 0000 0000 00000000
[   72651.021709] /dev/input/event2: 0003 0035 000002dc
[   72651.021709] /dev/input/event2: 0003 0036 00000568
[   72651.021709] /dev/input/event2: 0003 003a 00000038
[   72651.021709] /dev/input/event2: 0000 0000 00000000
[   72651.030198] /dev/input/event2: 0003 0035 000002e4
[   72651.030198] /dev/input/event2: 0003 0036 00000563
[   72651.030198] /dev/input/event2: 0000 0000 00000000
[   72651.039487] /dev/input/event2: 0003 0035 000002f2
[   72651.039487] /dev/input/event2: 0003 0036 00000562
[   72651.039487] /dev/input/event2: 0003 003a 00000040
[   72651.039487] /dev/input/event2: 0000 0000 00000000
[   72651.047243] /dev/input/event2: 0003 0035 00000308
[   72651.047243] /dev/input/event2: 0003 0036 0000056a
[   72651.047243] /dev/input/event2: 0003 003a 00000039
[   72651.047243] /dev/input/event2: 0000 0000 00000000
[   72651.055596] /dev/input/event2: 0003 0035 00000321
[   72651.055596] /dev/input/event2: 0003 0036 0000057c
[   72651.055596] /dev/input/event2: 0000 0000 00000000
[   72651.064119] /dev/input/event2: 0003 0035 0000033b
[   72651.064119] /dev/input/event2: 0003 0036 0000059b
[   72651.064119] /dev/input/event2: 0003 003a 00000038
[   72651.064119] /dev/input/event2: 0000 0000 00000000
[   72651.072722] /dev/input/event2: 0003 0035 00000356
[   72651.072722] /dev/input/event2: 0003 0036 000005c3
[   72651.072722] /dev/input/event2: 0003 003a 00000039
[   72651.072722] /dev/input/event2: 0000 0000 00000000
[   72651.081325] /dev/input/event2: 0003 0035 0000036b
[   72651.081325] /dev/input/event2: 0003 0036 000005e9
[   72651.081325] /dev/input/event2: 0003 003a 00000038
[   72651.081325] /dev/input/event2: 0000 0000 00000000
[   72651.089706] /dev/input/event2: 0003 0035 0000037c
[   72651.089706] /dev/input/event2: 0003 0036 00000610
[   72651.089706] /dev/input/event2: 0003 003a 00000039
[   72651.089706] /dev/input/event2: 0000 0000 00000000
[   72651.117039] /dev/input/event2: 0003 0035 00000386
[   72651.117039] /dev/input/event2: 0003 0036 00000637
[   72651.117039] /dev/input/event2: 0000 0000 00000000
[   72651.126215] /dev/input/event2: 0003 0035 0000038a
[   72651.126215] /dev/input/event2: 0003 0036 00000649
[   72651.126215] /dev/input/event2: 0003 003a 00000041
[   72651.126215] /dev/input/event2: 0000 0000 00000000
[   72651.134930] /dev/input/event2: 0003 0035 0000038b
[   72651.134930] /dev/input/event2: 0003 0036 00000652
[   72651.134930] /dev/input/event2: 0003 003a 00000040
[   72651.134930] /dev/input/event2: 0000 0000 00000000
[   72651.143446] /dev/input/event2: 0003 0035 0000038a
[   72651.143446] /dev/input/event2: 0003 0036 00000655
[   72651.143446] /dev/input/event2: 0000 0000 00000000
[   72651.152040] /dev/input/event2: 0003 0035 00000389
[   72651.152040] /dev/input/event2: 0000 0000 00000000
[   72651.160499] /dev/input/event2: 0003 0035 00000386
[   72651.160499] /dev/input/event2: 0003 0036 00000653
[   72651.160499] /dev/input/event2: 0000 0000 00000000
[   72651.168380] /dev/input/event2: 0003 0035 00000381
[   72651.168380] /dev/input/event2: 0003 0036 0000064c
[   72651.168380] /dev/input/event2: 0003 003a 00000038
[   72651.168380] /dev/input/event2: 0000 0000 00000000
[   72651.177019] /dev/input/event2: 0003 0035 0000037a
[   72651.177019] /dev/input/event2: 0003 0036 0000063d
[   72651.177019] /dev/input/event2: 0000 0000 00000000
[   72651.186198] /dev/input/event2: 0003 0035 00000373
[   72651.186198] /dev/input/event2: 0003 0036 0000062d
[   72651.186198] /dev/input/event2: 0003 003a 00000040
[   72651.186198] /dev/input/event2: 0000 0000 00000000
[   72651.194605] /dev/input/event2: 0003 0035 0000036e
[   72651.194605] /dev/input/event2: 0003 0036 00000620
[   72651.194605] /dev/input/event2: 0000 0000 00000000
[   72651.203199] /dev/input/event2: 0003 0035 0000036b
[   72651.203199] /dev/input/event2: 0003 0036 00000617
[   72651.203199] /dev/input/event2: 0000 0000 00000000
[   72651.211731] /dev/input/event2: 0003 0035 00000369
[   72651.211731] /dev/input/event2: 0003 0036 00000611
[   72651.211731] /dev/input/event2: 0003 003a 00000041
[   72651.211731] /dev/input/event2: 0000 0000 00000000
[   72651.220472] /dev/input/event2: 0003 0035 00000368
[   72651.220472] /dev/input/event2: 0003 0036 0000060e
[   72651.220472] /dev/input/event2: 0000 0000 00000000
[   72651.228761] /dev/input/event2: 0003 0036 0000060d
[   72651.228761] /dev/input/event2: 0003 003a 00000040
[   72651.228761] /dev/input/event2: 0000 0000 00000000
[   72651.237126] /dev/input/event2: 0003 0035 00000369
[   72651.237126] /dev/input/event2: 0003 0036 0000060f
[   72651.237126] /dev/input/event2: 0003 003a 00000041
[   72651.237126] /dev/input/event2: 0000 0000 00000000
[   72651.245085] /dev/input/event2: 0003 0035 00000371
[   72651.245085] /dev/input/event2: 0003 0036 0000061b
[   72651.245085] /dev/input/event2: 0003 003a 0000003a
[   72651.245085] /dev/input/event2: 0000 0000 00000000
[   72651.253674] /dev/input/event2: 0003 0035 0000037f
[   72651.253674] /dev/input/event2: 0003 0036 00000637
[   72651.253674] /dev/input/event2: 0000 0000 00000000
[   72651.262160] /dev/input/event2: 0003 0035 0000038b
[   72651.262160] /dev/input/event2: 0003 0036 00000652
[   72651.262160] /dev/input/event2: 0003 003a 00000039
[   72651.262160] /dev/input/event2: 0000 0000 00000000
[   72651.270790] /dev/input/event2: 0003 0035 00000395
[   72651.270790] /dev/input/event2: 0003 0036 00000670
[   72651.270790] /dev/input/event2: 0000 0000 00000000
[   72651.279935] /dev/input/event2: 0003 0035 0000039b
[   72651.279935] /dev/input/event2: 0003 0036 0000068b
[   72651.279935] /dev/input/event2: 0003 003a 00000041
[   72651.279935] /dev/input/event2: 0000 0000 00000000
[   72651.288347] /dev/input/event2: 0003 0035 0000039e
[   72651.288347] /dev/input/event2: 0003 0036 000006a6
[   72651.288347] /dev/input/event2: 0000 0000 00000000
[   72651.296330] /dev/input/event2: 0003 0036 000006bc
[   72651.296330] /dev/input/event2: 0003 003a 00000038
[   72651.296330] /dev/input/event2: 0000 0000 00000000
[   72651.304777] /dev/input/event2: 0003 0035 0000039a
[   72651.304777] /dev/input/event2: 0003 0036 000006cc
[   72651.304777] /dev/input/event2: 0000 0000 00000000
[   72651.314140] /dev/input/event2: 0003 0035 00000393
[   72651.314140] /dev/input/event2: 0003 0036 000006d7
[   72651.314140] /dev/input/event2: 0003 003a 0000003f
[   72651.314140] /dev/input/event2: 0000 0000 00000000
[   72651.321773] /dev/input/event2: 0003 0035 0000038a
[   72651.321773] /dev/input/event2: 0003 0036 000006de
[   72651.321773] /dev/input/event2: 0003 003a 00000037
[   72651.321773] /dev/input/event2: 0000 0000 00000000
[   72651.330432] /dev/input/event2: 0003 0035 00000375
[   72651.330432] /dev/input/event2: 0003 0036 000006e2
[   72651.330432] /dev/input/event2: 0000 0000 00000000
[   72651.338804] /dev/input/event2: 0003 0035 00000357
[   72651.338804] /dev/input/event2: 0003 0036 000006d9
[   72651.338804] /dev/input/event2: 0000 0000 00000000
[   72651.347466] /dev/input/event2: 0003 0035 0000032f
[   72651.347466] /dev/input/event2: 0003 0036 000006bf
[   72651.347466] /dev/input/event2: 0003 0031 00000003
[   72651.347466] /dev/input/event2: 0003 003a 00000036
[   72651.347466] /dev/input/event2: 0000 0000 00000000
[   72651.355914] /dev/input/event2: 0003 0035 00000306
[   72651.355914] /dev/input/event2: 0003 0036 00000696
[   72651.355914] /dev/input/event2: 0000 0000 00000000
[   72651.364482] /dev/input/event2: 0003 0035 000002ce
[   72651.364482] /dev/input/event2: 0003 0036 0000064d
[   72651.364482] /dev/input/event2: 0003 0031 00000004
[   72651.364482] /dev/input/event2: 0003 003a 00000037
[   72651.364482] /dev/input/event2: 0000 0000 00000000
[   72651.372941] /dev/input/event2: 0003 0035 00000293
[   72651.372941] /dev/input/event2: 0003 0036 000005f7
[   72651.372941] /dev/input/event2: 0003 003a 00000036
[   72651.372941] /dev/input/event2: 0000 0000 00000000
[   72651.381525] /dev/input/event2: 0003 0035 00000262
[   72651.381525] /dev/input/event2: 0003 0036 0000059d
[   72651.381525] /dev/input/event2: 0003 003a 00000034
[   72651.381525] /dev/input/event2: 0000 0000 00000000
[   72651.390247] /dev/input/event2: 0003 0035 00000239
[   72651.390247] /dev/input/event2: 0003 0036 0000054a
[   72651.390247] /dev/input/event2: 0003 003a 00000036
[   72651.390247] /dev/input/event2: 0000 0000 00000000
[   72651.398525] /dev/input/event2: 0003 0035 00000211
[   72651.398525] /dev/input/event2: 0003 0036 000004fd
[   72651.398525] /dev/input/event2: 0000 0000 00000000
[   72651.407102] /dev/input/event2: 0003 0035 000001f2
[   72651.407102] /dev/input/event2: 0003 0036 000004bc
[   72651.407102] /dev/input/event2: 0003 0031 00000003
[   72651.407102] /dev/input/event2: 0003 003a 00000034
[   72651.407102] /dev/input/event2: 0000 0000 00000000
[   72651.415516] /dev/input/event2: 0003 0035 000001d8
[   72651.415516] /dev/input/event2: 0003 0036 00000484
[   72651.415516] /dev/input/event2: 0003 0031 00000004
[   72651.415516] /dev/input/event2: 0000 0000 00000000
[   72651.424164] /dev/input/event2: 0003 0035 000001be
[   72651.424164] /dev/input/event2: 0003 0036 00000453
[   72651.424164] /dev/input/event2: 0000 0000 00000000
[   72651.432704] /dev/input/event2: 0003 0035 000001a6
[   72651.432704] /dev/input/event2: 0003 0036 0000042c
[   72651.432704] /dev/input/event2: 0000 0000 00000000
[   72651.441307] /dev/input/event2: 0003 0035 00000189
[   72651.441307] /dev/input/event2: 0003 0036 00000407
[   72651.441307] /dev/input/event2: 0003 003a 00000031
[   72651.441307] /dev/input/event2: 0000 0000 00000000
[   72651.449523] /dev/input/event2: 0003 0039 ffffffff
[   72651.449523] /dev/input/event2: 0000 0000 00000000
