[   67519.049754] /dev/input/event2: 0003 0039 00001272
[   67519.049754] /dev/input/event2: 0003 0035 0000021a
[   67519.049754] /dev/input/event2: 0003 0036 00000632
[   67519.049754] /dev/input/event2: 0003 003a 00000035
[   67519.049754] /dev/input/event2: 0000 0000 00000000
[   67519.066697] /dev/input/event2: 0003 003a 0000003d
[   67519.066697] /dev/input/event2: 0000 0000 00000000
[   67519.075201] /dev/input/event2: 0003 0036 00000631
[   67519.075201] /dev/input/event2: 0003 0031 00000003
[   67519.075201] /dev/input/event2: 0003 003a 0000003c
[   67519.075201] /dev/input/event2: 0000 0000 00000000
[   67519.083558] /dev/input/event2: 0003 0036 0000062c
[   67519.083558] /dev/input/event2: 0003 003a 0000003b
[   67519.083558] /dev/input/event2: 0000 0000 00000000
[   67519.092031] /dev/input/event2: 0003 0035 0000021b
[   67519.092031] /dev/input/event2: 0003 0036 00000623
[   67519.092031] /dev/input/event2: 0003 0031 00000004
[   67519.092031] /dev/input/event2: 0000 0000 00000000
[   67519.099715] /dev/input/event2: 0003 0035 0000021d
[   67519.099715] /dev/input/event2: 0003 0036 00000610
[   67519.099715] /dev/input/event2: 0003 0031 00000003
[   67519.099715] /dev/input/event2: 0003 003a 00000036
[   67519.099715] /dev/input/event2: 0000 0000 00000000
[   67519.108206] /dev/input/event2: 0003 0035 00000220
[   67519.108206] /dev/input/event2: 0003 0036 000005f6
[   67519.108206] /dev/input/event2: 0003 0031 00000004
[   67519.108206] /dev/input/event2: 0003 003a 00000035
[   67519.108206] /dev/input/event2: 0000 0000 00000000
[   67519.116682] /dev/input/event2: 0003 0035 00000225
[   67519.116682] /dev/input/event2: 0003 0036 000005d4
[   67519.116682] /dev/input/event2: 0000 0000 00000000
[   67519.125147] /dev/input/event2: 0003 0035 0000022c
[   67519.125147] /dev/input/event2: 0003 0036 000005ad
[   67519.125147] /dev/input/event2: 0000 0000 00000000
[   67519.133660] /dev/input/event2: 0003 0035 00000235
[   67519.133660] /dev/input/event2: 0003 0036 00000584
[   67519.133660] /dev/input/event2: 0000 0000 00000000
[   67519.142129] /dev/input/event2: 0003 0035 0000023f
[   67519.142129] /dev/input/event2: 0003 0036 0000055f
[   67519.142129] /dev/input/event2: 0003 003a 00000036
[   67519.142129] /dev/input/event2: 0000 0000 00000000
[   67519.150640] /dev/input/event2: 0003 0035 0000024a
[   67519.150640] /dev/input/event2: 0003 0036 0000053e
[   67519.150640] /dev/input/event2: 0000 0000 00000000
[   67519.159090] /dev/input/event2: 0003 0035 00000256
[   67519.159090] /dev/input/event2: 0003 0036 00000524
[   67519.159090] /dev/input/event2: 0000 0000 00000000
[   67519.168444] /dev/input/event2: 0003 0035 00000262
[   67519.168444] /dev/input/event2: 0003 0036 00000512
[   67519.168444] /dev/input/event2: 0003 003a 0000003d
[   67519.168444] /dev/input/event2: 0000 0000 00000000
[   67519.176949] /dev/input/event2: 0003 0035 0000026c
[   67519.176949] /dev/input/event2: 0003 0036 00000506
[   67519.176949] /dev/input/event2: 0003 003a 0000003e
[   67519.176949] /dev/input/event2: 0000 0000 00000000
[   67519.185334] /dev/input/event2: 0003 0035 00000277
[   67519.185334] /dev/input/event2: 0003 0036 000004fd
[   67519.185334] /dev/input/event2: 0000 0000 00000000
[   67519.193710] /dev/input/event2: 0003 0035 00000287
[   67519.193710] /dev/input/event2: 0003 0036 000004f7
[   67519.193710] /dev/input/event2: 0000 0000 00000000
[   67519.202194] /dev/input/event2: 0003 0035 00000299
[   67519.202194] /dev/input/event2: 0003 0036 000004f8
[   67519.202194] /dev/input/event2: 0003 003a 0000003f
[   67519.202194] /dev/input/event2: 0000 0000 00000000
[   67519.209979] /dev/input/event2: 0003 0035 000002ae
[   67519.209979] /dev/input/event2: 0003 0036 00000501
[   67519.209979] /dev/input/event2: 0003 003a 00000038
[   67519.209979] /dev/input/event2: 0000 0000 00000000
[   67519.218477] /dev/input/event2: 0003 0035 000002c7
[   67519.218477] /dev/input/event2: 0003 0036 00000514
[   67519.218477] /dev/input/event2: 0000 0000 00000000
[   67519.227013] /dev/input/event2: 0003 0035 000002de
[   67519.227013] /dev/input/event2: 0003 0036 00000529
[   67519.227013] /dev/input/event2: 0003 003a 00000039
[   67519.227013] /dev/input/event2: 0000 0000 00000000
[   67519.235472] /dev/input/event2: 0003 0035 000002f9
[   67519.235472] /dev/input/event2: 0003 0036 00000549
[   67519.235472] /dev/input/event2: 0003 003a 00000038
[   67519.235472] /dev/input/event2: 0000 0000 00000000
[   67519.244057] /dev/input/event2: 0003 0035 00000310
[   67519.244057] /dev/input/event2: 0003 0036 00000567
[   67519.244057] /dev/input/event2: 0000 0000 00000000
[   67519.252957] /dev/input/event2: 0003 0035 00000324
[   67519.252957] /dev/input/event2: 0003 0036 00000584
[   67519.252957] /dev/input/event2: 0000 0000 00000000
[   67519.261671] /dev/input/event2: 0003 0035 00000332
[   67519.261671] /dev/input/event2: 0003 0036 0000059c
[   67519.261671] /dev/input/event2: 0003 003a 00000040
[   67519.261671] /dev/input/event2: 0000 0000 00000000
[   67519.270158] /dev/input/event2: 0003 0035 0000033c
[   67519.270158] /dev/input/event2: 0003 0036 000005af
[   67519.270158] /dev/input/event2: 0003 003a 00000041
[   67519.270158] /dev/input/event2: 0000 0000 00000000
[   67519.278681] /dev/input/event2: 0003 0035 00000342
[   67519.278681] /dev/input/event2: 0003 0036 000005c1
[   67519.278681] /dev/input/event2: 0000 0000 00000000
[   67519.287087] /dev/input/event2: 0003 0035 00000345
[   67519.287087] /dev/input/event2: 0003 0036 000005d1
[   67519.287087] /dev/input/event2: 0000 0000 00000000
[   67519.295449] /dev/input/event2: 0003 0036 000005e0
[   67519.295449] /dev/input/event2: 0000 0000 00000000
[   67519.304189] /dev/input/event2: 0003 0035 00000342
[   67519.304189] /dev/input/event2: 0003 0036 000005ec
[   67519.304189] /dev/input/event2: 0003 003a 00000040
[   67519.304189] /dev/input/event2: 0000 0000 00000000
[   67519.312541] /dev/input/event2: 0003 0035 0000033d
[   67519.312541] /dev/input/event2: 0003 0036 000005f6
[   67519.312541] /dev/input/event2: 0000 0000 00000000
[   67519.320976] /dev/input/event2: 0003 0035 00000336
[   67519.320976] /dev/input/event2: 0003 0036 000005fe
[   67519.320976] /dev/input/event2: 0003 003a 0000003f
[   67519.320976] /dev/input/event2: 0000 0000 00000000
[   67519.328766] /dev/input/event2: 0003 0035 00000329
[   67519.328766] /dev/input/event2: 0003 0036 00000606
[   67519.328766] /dev/input/event2: 0003 003a 00000038
[   67519.328766] /dev/input/event2: 0000 0000 00000000
[   67519.337271] /dev/input/event2: 0003 0035 00000318
[   67519.337271] /dev/input/event2: 0003 0036 0000060c
[   67519.337271] /dev/input/event2: 0000 0000 00000000
[   67519.345907] /dev/input/event2: 0003 0035 00000301
[   67519.345907] /dev/input/event2: 0003 0036 0000060e
[   67519.345907] /dev/input/event2: 0003 003a 00000037
[   67519.345907] /dev/input/event2: 0000 0000 00000000
[   67519.354305] /dev/input/event2: 0003 0035 000002ea
[   67519.354305] /dev/input/event2: 0003 0036 0000060a
[   67519.354305] /dev/input/event2: 0000 0000 00000000
[   67519.362688] /dev/input/event2: 0003 0035 000002d4
[   67519.362688] /dev/input/event2: 0003 0036 00000601
[   67519.362688] /dev/input/event2: 0000 0000 00000000
[   67519.371227] /dev/input/event2: 0003 0035 000002c0
[   67519.371227] /dev/input/event2: 0003 0036 000005f5
[   67519.371227] /dev/input/event2: 0003 0031 00000003
[   67519.371227] /dev/input/event2: 0000 0000 00000000
[   67519.379598] /dev/input/event2: 0003 0035 000002b0
[   67519.379598] /dev/input/event2: 0003 0036 000005e7
[   67519.379598] /dev/input/event2: 0003 0031 00000004
[   67519.379598] /dev/input/event2: 0000 0000 00000000
[   67519.388226] /dev/input/event2: 0003 0035 000002a2
[   67519.388226] /dev/input/event2: 0003 0036 000005d5
[   67519.388226] /dev/input/event2: 0003 003a 00000036
[   67519.388226] /dev/input/event2: 0000 0000 00000000
[   67519.396639] /dev/input/event2: 0003 0035 00000296
[   67519.396639] /dev/input/event2: 0003 0036 000005bf
[   67519.396639] /dev/input/event2: 0000 0000 00000000
[   67519.405064] /dev/input/event2: 0003 0035 0000028e
[   67519.405064] /dev/input/event2: 0003 0036 000005a9
[   67519.405064] /dev/input/event2: 0000 0000 00000000
[   67519.414192] /dev/input/event2: 0003 0035 0000028b
[   67519.414192] /dev/input/event2: 0003 0036 00000594
[   67519.414192] /dev/input/event2: 0003 003a 0000003d
[   67519.414192] /dev/input/event2: 0000 0000 00000000
[   67519.422756] /dev/input/event2: 0003 0035 0000028d
[   67519.422756] /dev/input/event2: 0003 0036 00000580
[   67519.422756] /dev/input/event2: 0003 003a 0000003e
[   67519.422756] /dev/input/event2: 0000 0000 00000000
[   67519.431386] /dev/input/event2: 0003 0035 00000292
[   67519.431386] /dev/input/event2: 0003 0036 0000056f
[   67519.431386] /dev/input/event2: 0000 0000 00000000
[   67519.439025] /dev/input/event2: 0003 0035 0000029a
[   67519.439025] /dev/input/event2: 0003 0036 00000562
[   67519.439025] /dev/input/event2: 0003 003a 00000037
[   67519.439025] /dev/input/event2: 0000 0000 00000000
[   67519.447452] /dev/input/event2: 0003 0035 000002a5
[   67519.447452] /dev/input/event2: 0003 0036 00000559
[   67519.447452] /dev/input/event2: 0003 003a 00000038
[   67519.447452] /dev/input/event2: 0000 0000 00000000
[   67519.456157] /dev/input/event2: 0003 0035 000002b5
[   67519.456157] /dev/input/event2: 0003 0036 00000554
[   67519.456157] /dev/input/event2: 0003 003a 00000039
[   67519.456157] /dev/input/event2: 0000 0000 00000000
[   67519.464435] /dev/input/event2: 0003 0035 000002cd
[   67519.464435] /dev/input/event2: 0003 0036 00000555
[   67519.464435] /dev/input/event2: 0000 0000 00000000
[   67519.473092] /dev/input/event2: 0003 0035 000002e6
[   67519.473092] /dev/input/event2: 0003 0036 0000055e
[   67519.473092] /dev/input/event2: 0003 003a 0000003a
[   67519.473092] /dev/input/event2: 0000 0000 00000000
[   67519.481334] /dev/input/event2: 0003 0035 00000302
[   67519.481334] /dev/input/event2: 0003 0036 00000572
[   67519.481334] /dev/input/event2: 0003 003a 00000039
[   67519.481334] /dev/input/event2: 0000 0000 00000000
[   67519.490014] /dev/input/event2: 0003 0035 0000031d
[   67519.490014] /dev/input/event2: 0003 0036 0000058e
[   67519.490014] /dev/input/event2: 0000 0000 00000000
[   67519.498480] /dev/input/event2: 0003 0035 00000337
[   67519.498480] /dev/input/event2: 0003 0036 000005b2
[   67519.498480] /dev/input/event2: 0000 0000 00000000
[   67519.507034] /dev/input/event2: 0003 0035 0000034f
[   67519.507034] /dev/input/event2: 0003 0036 000005db
[   67519.507034] /dev/input/event2: 0000 0000 00000000
[   67519.515442] /dev/input/event2: 0003 0035 0000035d
[   67519.515442] /dev/input/event2: 0003 0036 000005f6
[   67519.515442] /dev/input/event2: 0003 003a 0000003a
[   67519.515442] /dev/input/event2: 0000 0000 00000000
[   67519.523894] /dev/input/event2: 0003 0035 00000367
[   67519.523894] /dev/input/event2: 0003 0036 0000060c
[   67519.523894] /dev/input/event2: 0000 0000 00000000
[   67519.532995] /dev/input/event2: 0003 0035 0000036c
[   67519.532995] /dev/input/event2: 0003 0036 0000061d
[   67519.532995] /dev/input/event2: 0003 003a 00000041
[   67519.532995] /dev/input/event2: 0000 0000 00000000
[   67519.541564] /dev/input/event2: 0003 0035 0000036e
[   67519.541564] /dev/input/event2: 0003 0036 0000062a
[   67519.541564] /dev/input/event2: 0000 0000 00000000
[   67519.550046] /dev/input/event2: 0003 0036 00000634
[   67519.550046] /dev/input/event2: 0003 003a 00000040
[   67519.550046] /dev/input/event2: 0000 0000 00000000
[   67519.558566] /dev/input/event2: 0003 0035 0000036c
[   67519.558566] /dev/input/event2: 0003 0036 0000063b
[   67519.558566] /dev/input/event2: 0003 003a 0000003f
[   67519.558566] /dev/input/event2: 0000 0000 00000000
[   67519.566876] /dev/input/event2: 0003 0035 0000036a
[   67519.566876] /dev/input/event2: 0003 0036 0000063e
[   67519.566876] /dev/input/event2: 0003 003a 0000003e
[   67519.566876] /dev/input/event2: 0000 0000 00000000
[   67519.575335] /dev/input/event2: 0003 0035 00000366
[   67519.575335] /dev/input/event2: 0003 0036 0000063f
[   67519.575335] /dev/input/event2: 0000 0000 00000000
[   67519.584066] /dev/input/event2: 0003 0035 0000035f
[   67519.584066] /dev/input/event2: 0003 0036 0000063e
[   67519.584066] /dev/input/event2: 0000 0000 00000000
[   67519.592498] /dev/input/event2: 0003 0035 00000356
[   67519.592498] /dev/input/event2: 0003 0036 0000063a
[   67519.592498] /dev/input/event2: 0003 003a 0000003f
[   67519.592498] /dev/input/event2: 0000 0000 00000000
[   67519.600303] /dev/input/event2: 0003 0035 0000034c
[   67519.600303] /dev/input/event2: 0003 0036 00000630
[   67519.600303] /dev/input/event2: 0003 003a 00000037
[   67519.600303] /dev/input/event2: 0000 0000 00000000
[   67519.608616] /dev/input/event2: 0003 0035 0000033e
[   67519.608616] /dev/input/event2: 0003 0036 0000061d
[   67519.608616] /dev/input/event2: 0003 003a 00000038
[   67519.608616] /dev/input/event2: 0000 0000 00000000
[   67519.617288] /dev/input/event2: 0003 0035 0000032e
[   67519.617288] /dev/input/event2: 0003 0036 00000601
[   67519.617288] /dev/input/event2: 0000 0000 00000000
[   67519.625609] /dev/input/event2: 0003 0035 00000320
[   67519.625609] /dev/input/event2: 0003 0036 000005e2
[   67519.625609] /dev/input/event2: 0003 003a 00000037
[   67519.625609] /dev/input/event2: 0000 0000 00000000
[   67519.634315] /dev/input/event2: 0003 0035 00000315
[   67519.634315] /dev/input/event2: 0003 0036 000005c4
[   67519.634315] /dev/input/event2: 0000 0000 00000000
[   67519.642602] /dev/input/event2: 0003 0035 0000030e
[   67519.642602] /dev/input/event2: 0003 0036 000005a7
[   67519.642602] /dev/input/event2: 0000 0000 00000000
[   67519.651024] /dev/input/event2: 0003 0035 0000030b
[   67519.651024] /dev/input/event2: 0003 0036 00000592
[   67519.651024] /dev/input/event2: 0000 0000 00000000
[   67519.660204] /dev/input/event2: 0003 0036 00000583
[   67519.660204] /dev/input/event2: 0003 003a 0000003f
[   67519.660204] /dev/input/event2: 0000 0000 00000000
[   67519.668773] /dev/input/event2: 0003 0035 0000030c
[   67519.668773] /dev/input/event2: 0003 0036 00000578
[   67519.668773] /dev/input/event2: 0003 003a 0000003e
[   67519.668773] /dev/input/event2: 0000 0000 00000000
[   67519.677328] /dev/input/event2: 0003 0035 0000030e
[   67519.677328] /dev/input/event2: 0003 0036 00000571
[   67519.677328] /dev/input/event2: 0003 003a 0000003f
[   67519.677328] /dev/input/event2: 0000 0000 00000000
[   67519.685808] /dev/input/event2: 0003 0035 00000310
[   67519.685808] /dev/input/event2: 0003 0036 0000056d
[   67519.685808] /dev/input/event2: 0000 0000 00000000
[   67519.694274] /dev/input/event2: 0003 0035 00000313
[   67519.694274] /dev/input/event2: 0003 0036 0000056b
[   67519.694274] /dev/input/event2: 0003 003a 00000040
[   67519.694274] /dev/input/event2: 0000 0000 00000000
[   67519.702622] /dev/input/event2: 0003 0035 0000031a
[   67519.702622] /dev/input/event2: 0000 0000 00000000
[   67519.710583] /dev/input/event2: 0003 0035 00000328
[   67519.710583] /dev/input/event2: 0003 0036 00000573
[   67519.710583] /dev/input/event2: 0003 003a 00000039
[   67519.710583] /dev/input/event2: 0000 0000 00000000
[   67519.718895] /dev/input/event2: 0003 0035 00000337
[   67519.718895] /dev/input/event2: 0003 0036 00000580
[   67519.718895] /dev/input/event2: 0000 0000 00000000
[   67519.727496] /dev/input/event2: 0003 0035 0000034a
[   67519.727496] /dev/input/event2: 0003 0036 00000597
[   67519.727496] /dev/input/event2: 0003 003a 00000038
[   67519.727496] /dev/input/event2: 0000 0000 00000000
[   67519.735822] /dev/input/event2: 0003 0035 0000035e
[   67519.735822] /dev/input/event2: 0003 0036 000005b3
[   67519.735822] /dev/input/event2: 0003 003a 00000039
[   67519.735822] /dev/input/event2: 0000 0000 00000000
[   67519.744458] /dev/input/event2: 0003 0035 00000371
[   67519.744458] /dev/input/event2: 0003 0036 000005d2
[   67519.744458] /dev/input/event2: 0000 0000 00000000
[   67519.752823] /dev/input/event2: 0003 0035 00000382
[   67519.752823] /dev/input/event2: 0003 0036 000005f2
[   67519.752823] /dev/input/event2: 0000 0000 00000000
[   67519.761452] /dev/input/event2: 0003 0035 00000390
[   67519.761452] /dev/input/event2: 0003 0036 00000610
[   67519.761452] /dev/input/event2: 0000 0000 00000000
[   67519.769956] /dev/input/event2: 0003 0035 0000039c
[   67519.769956] /dev/input/event2: 0003 0036 00000630
[   67519.769956] /dev/input/event2: 0000 0000 00000000
[   67519.779128] /dev/input/event2: 0003 0035 000003a4
[   67519.779128] /dev/input/event2: 0003 0036 00000648
[   67519.779128] /dev/input/event2: 0003 003a 00000041
[   67519.779128] /dev/input/event2: 0000 0000 00000000
[   67519.787643] /dev/input/event2: 0003 0035 000003a9
[   67519.787643] /dev/input/event2: 0003 0036 0000065f
[   67519.787643] /dev/input/event2: 0000 0000 00000000
[   67519.796085] /dev/input/event2: 0003 0035 000003ab
[   67519.796085] /dev/input/event2: 0003 0036 00000672
[   67519.796085] /dev/input/event2: 0003 003a 00000040
[   67519.796085] /dev/input/event2: 0000 0000 00000000
[   67519.804564] /dev/input/event2: 0003 0036 00000681
[   67519.804564] /dev/input/event2: 0000 0000 00000000
[   67519.813046] /dev/input/event2: 0003 0035 000003a9
[   67519.813046] /dev/input/event2: 0003 0036 0000068c
[   67519.813046] /dev/input/event2: 0000 0000 00000000
[   67519.821334] /dev/input/event2: 0003 0035 000003a5
[   67519.821334] /dev/input/event2: 0003 0036 00000694
[   67519.821334] /dev/input/event2: 0003 003a 0000003f
[   67519.821334] /dev/input/event2: 0000 0000 00000000
[   67519.829847] /dev/input/event2: 0003 0035 0000039f
[   67519.829847] /dev/input/event2: 0003 0036 0000069a
[   67519.829847] /dev/input/event2: 0000 0000 00000000
[   67519.838595] /dev/input/event2: 0003 0035 00000393
[   67519.838595] /dev/input/event2: 0003 0036 000006a0
[   67519.838595] /dev/input/event2: 0000 0000 00000000
[   67519.846231] /dev/input/event2: 0003 0035 0000037e
[   67519.846231] /dev/input/event2: 0003 0036 000006a2
[   67519.846231] /dev/input/event2: 0003 0031 00000003
[   67519.846231] /dev/input/event2: 0003 003a 00000038
[   67519.846231] /dev/input/event2: 0000 0000 00000000
[   67519.854690] /dev/input/event2: 0003 0035 00000362
[   67519.854690] /dev/input/event2: 0003 0036 0000069b
[   67519.854690] /dev/input/event2: 0003 0031 00000004
[   67519.854690] /dev/input/event2: 0003 003a 00000037
[   67519.854690] /dev/input/event2: 0000 0000 00000000
[   67519.863154] /dev/input/event2: 0003 0035 00000341
[   67519.863154] /dev/input/event2: 0003 0036 00000689
[   67519.863154] /dev/input/event2: 0000 0000 00000000
[   67519.871640] /dev/input/event2: 0003 0035 0000031f
[   67519.871640] /dev/input/event2: 0003 0036 0000066b
[   67519.871640] /dev/input/event2: 0003 003a 00000036
[   67519.871640] /dev/input/event2: 0000 0000 00000000
[   67519.880188] /dev/input/event2: 0003 0035 000002f6
[   67519.880188] /dev/input/event2: 0003 0036 0000063d
[   67519.880188] /dev/input/event2: 0003 003a 00000037
[   67519.880188] /dev/input/event2: 0000 0000 00000000
[   67519.888598] /dev/input/event2: 0003 0035 000002ca
[   67519.888598] /dev/input/event2: 0003 0036 00000600
[   67519.888598] /dev/input/event2: 0003 0031 00000003
[   67519.888598] /dev/input/event2: 0000 0000 00000000
[   67519.897110] /dev/input/event2: 0003 0035 0000029f
[   67519.897110] /dev/input/event2: 0003 0036 000005c4
[   67519.897110] /dev/input/event2: 0003 003a 00000035
[   67519.897110] /dev/input/event2: 0000 0000 00000000
[   67519.905561] /dev/input/event2: 0003 0035 0000027a
[   67519.905561] /dev/input/event2: 0003 0036 00000583
[   67519.905561] /dev/input/event2: 0000 0000 00000000
[   67519.913995] /dev/input/event2: 0003 0035 00000259
[   67519.913995] /dev/input/event2: 0003 0036 0000054d
[   67519.913995] /dev/input/event2: 0003 0031 00000004
[   67519.913995] /dev/input/event2: 0003 003a 00000036
[   67519.913995] /dev/input/event2: 0000 0000 00000000
[   67519.922522] /dev/input/event2: 0003 0035 0000023a
[   67519.922522] /dev/input/event2: 0003 0036 00000516
[   67519.922522] /dev/input/event2: 0000 0000 00000000
[   67519.930979] /dev/input/event2: 0003 0035 0000021f
[   67519.930979] /dev/input/event2: 0003 0036 000004e6
[   67519.930979] /dev/input/event2: 0000 0000 00000000
[   67519.939445] /dev/input/event2: 0003 0035 00000206
[   67519.939445] /dev/input/event2: 0003 0036 000004ba
[   67519.939445] /dev/input/event2: 0003 003a 00000035
[   67519.939445] /dev/input/event2: 0000 0000 00000000
[   67519.947951] /dev/input/event2: 0003 0035 000001f0
[   67519.947951] /dev/input/event2: 0003 0036 00000489
[   67519.947951] /dev/input/event2: 0000 0000 00000000
[   67519.956343] /dev/input/event2: 0003 0035 000001dd
[   67519.956343] /dev/input/event2: 0003 0036 00000458
[   67519.956343] /dev/input/event2: 0000 0000 00000000
[   67519.964833] /dev/input/event2: 0003 0035 000001c9
[   67519.964833] /dev/input/event2: 0003 0036 00000429
[   67519.964833] /dev/input/event2: 0000 0000 00000000
[   67519.973392] /dev/input/event2: 0003 0035 000001b3
[   67519.973392] /dev/input/event2: 0003 0036 000003f2
[   67519.973392] /dev/input/event2: 0000 0000 00000000
[   67519.981847] /dev/input/event2: 0003 0035 0000019e
[   67519.981847] /dev/input/event2: 0003 0036 000003b7
[   67519.981847] /dev/input/event2: 0003 003a 00000034
[   67519.981847] /dev/input/event2: 0000 0000 00000000
[   67519.990501] /dev/input/event2: 0003 0035 00000186
[   67519.990501] /dev/input/event2: 0003 0036 00000379
[   67519.990501] /dev/input/event2: 0003 003a 00000032
[   67519.990501] /dev/input/event2: 0000 0000 00000000
[   67519.998860] /dev/input/event2: 0003 0035 00000169
[   67519.998860] /dev/input/event2: 0003 0036 00000336
[   67519.998860] /dev/input/event2: 0003 0031 00000003
[   67519.998860] /dev/input/event2: 0003 003a 0000002f
[   67519.998860] /dev/input/event2: 0000 0000 00000000
[   67520.007167] /dev/input/event2: 0003 0039 ffffffff
[   67520.007167] /dev/input/event2: 0000 0000 00000000
