[   70439.498856] /dev/input/event2: 0003 0039 000015cb
[   70439.498856] /dev/input/event2: 0003 0035 00000207
[   70439.498856] /dev/input/event2: 0003 0036 00000625
[   70439.498856] /dev/input/event2: 0003 0030 00000004
[   70439.498856] /dev/input/event2: 0003 0031 00000003
[   70439.498856] /dev/input/event2: 0003 003a 00000024
[   70439.498856] /dev/input/event2: 0000 0000 00000000
[   70439.515680] /dev/input/event2: 0003 0030 00000005
[   70439.515680] /dev/input/event2: 0003 003a 00000034
[   70439.515680] /dev/input/event2: 0000 0000 00000000
[   70439.524182] /dev/input/event2: 0003 003a 00000035
[   70439.524182] /dev/input/event2: 0000 0000 00000000
[   70439.541320] /dev/input/event2: 0003 0036 00000624
[   70439.541320] /dev/input/event2: 0000 0000 00000000
[   70439.549798] /dev/input/event2: 0003 0036 00000623
[   70439.549798] /dev/input/event2: 0000 0000 00000000
[   70439.558525] /dev/input/event2: 0003 0036 00000622
[   70439.558525] /dev/input/event2: 0000 0000 00000000
[   70439.566979] /dev/input/event2: 0003 0036 00000620
[   70439.566979] /dev/input/event2: 0000 0000 00000000
[   70439.575628] /dev/input/event2: 0003 0036 0000061c
[   70439.575628] /dev/input/event2: 0003 0031 00000004
[   70439.575628] /dev/input/event2: 0003 003a 00000036
[   70439.575628] /dev/input/event2: 0000 0000 00000000
[   70439.584182] /dev/input/event2: 0003 0036 00000616
[   70439.584182] /dev/input/event2: 0003 003a 00000037
[   70439.584182] /dev/input/event2: 0000 0000 00000000
[   70439.592754] /dev/input/event2: 0003 0035 00000206
[   70439.592754] /dev/input/event2: 0003 0036 0000060d
[   70439.592754] /dev/input/event2: 0003 0031 00000003
[   70439.592754] /dev/input/event2: 0003 003a 00000038
[   70439.592754] /dev/input/event2: 0000 0000 00000000
[   70439.601218] /dev/input/event2: 0003 0035 00000205
[   70439.601218] /dev/input/event2: 0003 0036 000005ff
[   70439.601218] /dev/input/event2: 0000 0000 00000000
[   70439.609668] /dev/input/event2: 0003 0036 000005f0
[   70439.609668] /dev/input/event2: 0003 0031 00000004
[   70439.609668] /dev/input/event2: 0000 0000 00000000
[   70439.617457] /dev/input/event2: 0003 0036 000005e0
[   70439.617457] /dev/input/event2: 0003 003a 00000034
[   70439.617457] /dev/input/event2: 0000 0000 00000000
[   70439.626026] /dev/input/event2: 0003 0035 00000207
[   70439.626026] /dev/input/event2: 0003 0036 000005ce
[   70439.626026] /dev/input/event2: 0003 0031 00000003
[   70439.626026] /dev/input/event2: 0003 003a 00000035
[   70439.626026] /dev/input/event2: 0000 0000 00000000
[   70439.635504] /dev/input/event2: 0003 0035 0000020a
[   70439.635504] /dev/input/event2: 0003 0036 000005bd
[   70439.635504] /dev/input/event2: 0003 0031 00000004
[   70439.635504] /dev/input/event2: 0003 003a 0000003a
[   70439.635504] /dev/input/event2: 0000 0000 00000000
[   70439.643915] /dev/input/event2: 0003 0035 0000020e
[   70439.643915] /dev/input/event2: 0003 0036 000005ae
[   70439.643915] /dev/input/event2: 0000 0000 00000000
[   70439.652416] /dev/input/event2: 0003 0035 00000213
[   70439.652416] /dev/input/event2: 0003 0036 000005a0
[   70439.652416] /dev/input/event2: 0000 0000 00000000
[   70439.660884] /dev/input/event2: 0003 0035 0000021a
[   70439.660884] /dev/input/event2: 0003 0036 00000593
[   70439.660884] /dev/input/event2: 0000 0000 00000000
[   70439.669678] /dev/input/event2: 0003 0035 00000222
[   70439.669678] /dev/input/event2: 0003 0036 00000588
[   70439.669678] /dev/input/event2: 0003 003a 0000003b
[   70439.669678] /dev/input/event2: 0000 0000 00000000
[   70439.678091] /dev/input/event2: 0003 0035 0000022b
[   70439.678091] /dev/input/event2: 0003 0036 0000057e
[   70439.678091] /dev/input/event2: 0003 003a 0000003a
[   70439.678091] /dev/input/event2: 0000 0000 00000000
[   70439.685853] /dev/input/event2: 0003 0035 0000023a
[   70439.685853] /dev/input/event2: 0003 0036 00000574
[   70439.685853] /dev/input/event2: 0003 003a 00000036
[   70439.685853] /dev/input/event2: 0000 0000 00000000
[   70439.694403] /dev/input/event2: 0003 0035 0000024f
[   70439.694403] /dev/input/event2: 0003 0036 0000056c
[   70439.694403] /dev/input/event2: 0000 0000 00000000
[   70439.702836] /dev/input/event2: 0003 0035 00000268
[   70439.702836] /dev/input/event2: 0003 0036 00000568
[   70439.702836] /dev/input/event2: 0000 0000 00000000
[   70439.711375] /dev/input/event2: 0003 0035 00000288
[   70439.711375] /dev/input/event2: 0003 0036 0000056a
[   70439.711375] /dev/input/event2: 0003 003a 00000037
[   70439.711375] /dev/input/event2: 0000 0000 00000000
[   70439.719888] /dev/input/event2: 0003 0035 000002a6
[   70439.719888] /dev/input/event2: 0003 0036 00000573
[   70439.719888] /dev/input/event2: 0003 003a 00000038
[   70439.719888] /dev/input/event2: 0000 0000 00000000
[   70439.728505] /dev/input/event2: 0003 0035 000002c8
[   70439.728505] /dev/input/event2: 0003 0036 00000583
[   70439.728505] /dev/input/event2: 0000 0000 00000000
[   70439.737286] /dev/input/event2: 0003 0035 000002e5
[   70439.737286] /dev/input/event2: 0003 0036 00000598
[   70439.737286] /dev/input/event2: 0000 0000 00000000
[   70439.745619] /dev/input/event2: 0003 0035 00000301
[   70439.745619] /dev/input/event2: 0003 0036 000005af
[   70439.745619] /dev/input/event2: 0000 0000 00000000
[   70439.754238] /dev/input/event2: 0003 0035 00000319
[   70439.754238] /dev/input/event2: 0003 0036 000005c6
[   70439.754238] /dev/input/event2: 0003 003a 00000039
[   70439.754238] /dev/input/event2: 0000 0000 00000000
[   70439.762716] /dev/input/event2: 0003 0035 0000032f
[   70439.762716] /dev/input/event2: 0003 0036 000005df
[   70439.762716] /dev/input/event2: 0000 0000 00000000
[   70439.771317] /dev/input/event2: 0003 0035 00000342
[   70439.771317] /dev/input/event2: 0003 0036 000005f8
[   70439.771317] /dev/input/event2: 0003 003a 0000003a
[   70439.771317] /dev/input/event2: 0000 0000 00000000
[   70439.779843] /dev/input/event2: 0003 0035 00000351
[   70439.779843] /dev/input/event2: 0003 0036 00000610
[   70439.779843] /dev/input/event2: 0000 0000 00000000
[   70439.788929] /dev/input/event2: 0003 0035 0000035b
[   70439.788929] /dev/input/event2: 0003 0036 00000622
[   70439.788929] /dev/input/event2: 0003 003a 00000041
[   70439.788929] /dev/input/event2: 0000 0000 00000000
[   70439.797612] /dev/input/event2: 0003 0035 00000361
[   70439.797612] /dev/input/event2: 0003 0036 00000632
[   70439.797612] /dev/input/event2: 0000 0000 00000000
[   70439.806146] /dev/input/event2: 0003 0035 00000364
[   70439.806146] /dev/input/event2: 0003 0036 0000063f
[   70439.806146] /dev/input/event2: 0000 0000 00000000
[   70439.814663] /dev/input/event2: 0003 0036 00000649
[   70439.814663] /dev/input/event2: 0000 0000 00000000
[   70439.823188] /dev/input/event2: 0003 0035 00000362
[   70439.823188] /dev/input/event2: 0003 0036 0000064f
[   70439.823188] /dev/input/event2: 0003 003a 0000003f
[   70439.823188] /dev/input/event2: 0000 0000 00000000
[   70439.831789] /dev/input/event2: 0003 0035 0000035e
[   70439.831789] /dev/input/event2: 0003 0036 00000652
[   70439.831789] /dev/input/event2: 0003 003a 0000003e
[   70439.831789] /dev/input/event2: 0000 0000 00000000
[   70439.840318] /dev/input/event2: 0003 0035 00000356
[   70439.840318] /dev/input/event2: 0003 0036 00000654
[   70439.840318] /dev/input/event2: 0000 0000 00000000
[   70439.848026] /dev/input/event2: 0003 0035 00000348
[   70439.848026] /dev/input/event2: 0003 0036 00000651
[   70439.848026] /dev/input/event2: 0003 003a 00000038
[   70439.848026] /dev/input/event2: 0000 0000 00000000
[   70439.856619] /dev/input/event2: 0003 0035 00000334
[   70439.856619] /dev/input/event2: 0003 0036 00000648
[   70439.856619] /dev/input/event2: 0003 003a 00000037
[   70439.856619] /dev/input/event2: 0000 0000 00000000
[   70439.865207] /dev/input/event2: 0003 0035 0000031f
[   70439.865207] /dev/input/event2: 0003 0036 00000638
[   70439.865207] /dev/input/event2: 0003 003a 00000038
[   70439.865207] /dev/input/event2: 0000 0000 00000000
[   70439.873748] /dev/input/event2: 0003 0035 00000307
[   70439.873748] /dev/input/event2: 0003 0036 00000620
[   70439.873748] /dev/input/event2: 0003 003a 00000037
[   70439.873748] /dev/input/event2: 0000 0000 00000000
[   70439.882215] /dev/input/event2: 0003 0035 000002e9
[   70439.882215] /dev/input/event2: 0003 0036 000005fc
[   70439.882215] /dev/input/event2: 0003 003a 00000036
[   70439.882215] /dev/input/event2: 0000 0000 00000000
[   70439.890785] /dev/input/event2: 0003 0035 000002ce
[   70439.890785] /dev/input/event2: 0003 0036 000005d3
[   70439.890785] /dev/input/event2: 0003 0031 00000003
[   70439.890785] /dev/input/event2: 0000 0000 00000000
[   70439.899258] /dev/input/event2: 0003 0035 000002b7
[   70439.899258] /dev/input/event2: 0003 0036 000005ac
[   70439.899258] /dev/input/event2: 0003 0031 00000004
[   70439.899258] /dev/input/event2: 0000 0000 00000000
[   70439.907822] /dev/input/event2: 0003 0035 000002a3
[   70439.907822] /dev/input/event2: 0003 0036 00000589
[   70439.907822] /dev/input/event2: 0000 0000 00000000
[   70439.916436] /dev/input/event2: 0003 0035 00000294
[   70439.916436] /dev/input/event2: 0003 0036 0000056d
[   70439.916436] /dev/input/event2: 0000 0000 00000000
[   70439.924897] /dev/input/event2: 0003 0035 00000289
[   70439.924897] /dev/input/event2: 0003 0036 00000557
[   70439.924897] /dev/input/event2: 0000 0000 00000000
[   70439.934358] /dev/input/event2: 0003 0035 00000282
[   70439.934358] /dev/input/event2: 0003 0036 00000548
[   70439.934358] /dev/input/event2: 0003 003a 0000003d
[   70439.934358] /dev/input/event2: 0000 0000 00000000
[   70439.942803] /dev/input/event2: 0003 0035 0000027e
[   70439.942803] /dev/input/event2: 0003 0036 0000053e
[   70439.942803] /dev/input/event2: 0000 0000 00000000
[   70439.951355] /dev/input/event2: 0003 0035 0000027c
[   70439.951355] /dev/input/event2: 0003 0036 00000537
[   70439.951355] /dev/input/event2: 0003 003a 0000003c
[   70439.951355] /dev/input/event2: 0000 0000 00000000
[   70439.959771] /dev/input/event2: 0003 0036 00000533
[   70439.959771] /dev/input/event2: 0003 003a 0000003b
[   70439.959771] /dev/input/event2: 0000 0000 00000000
[   70439.968575] /dev/input/event2: 0003 0035 0000027d
[   70439.968575] /dev/input/event2: 0003 0036 00000531
[   70439.968575] /dev/input/event2: 0000 0000 00000000
[   70439.976997] /dev/input/event2: 0003 0035 00000283
[   70439.976997] /dev/input/event2: 0000 0000 00000000
[   70439.984673] /dev/input/event2: 0003 0035 00000291
[   70439.984673] /dev/input/event2: 0003 0036 00000538
[   70439.984673] /dev/input/event2: 0003 003a 00000037
[   70439.984673] /dev/input/event2: 0000 0000 00000000
[   70439.993286] /dev/input/event2: 0003 0035 000002a5
[   70439.993286] /dev/input/event2: 0003 0036 00000544
[   70439.993286] /dev/input/event2: 0000 0000 00000000
[   70440.001929] /dev/input/event2: 0003 0035 000002bd
[   70440.001929] /dev/input/event2: 0003 0036 00000555
[   70440.001929] /dev/input/event2: 0003 003a 00000038
[   70440.001929] /dev/input/event2: 0000 0000 00000000
[   70440.010315] /dev/input/event2: 0003 0035 000002d7
[   70440.010315] /dev/input/event2: 0003 0036 0000056b
[   70440.010315] /dev/input/event2: 0000 0000 00000000
[   70440.019025] /dev/input/event2: 0003 0035 000002ef
[   70440.019025] /dev/input/event2: 0003 0036 00000583
[   70440.019025] /dev/input/event2: 0000 0000 00000000
[   70440.027499] /dev/input/event2: 0003 0035 00000309
[   70440.027499] /dev/input/event2: 0003 0036 000005a1
[   70440.027499] /dev/input/event2: 0003 003a 00000039
[   70440.027499] /dev/input/event2: 0000 0000 00000000
[   70440.036211] /dev/input/event2: 0003 0035 00000323
[   70440.036211] /dev/input/event2: 0003 0036 000005c3
[   70440.036211] /dev/input/event2: 0003 0031 00000003
[   70440.036211] /dev/input/event2: 0000 0000 00000000
[   70440.044618] /dev/input/event2: 0003 0035 00000338
[   70440.044618] /dev/input/event2: 0003 0036 000005e6
[   70440.044618] /dev/input/event2: 0003 0031 00000004
[   70440.044618] /dev/input/event2: 0000 0000 00000000
[   70440.053148] /dev/input/event2: 0003 0035 0000034a
[   70440.053148] /dev/input/event2: 0003 0036 0000060a
[   70440.053148] /dev/input/event2: 0003 003a 0000003a
[   70440.053148] /dev/input/event2: 0000 0000 00000000
[   70440.061690] /dev/input/event2: 0003 0035 00000357
[   70440.061690] /dev/input/event2: 0003 0036 0000062d
[   70440.061690] /dev/input/event2: 0003 003a 00000039
[   70440.061690] /dev/input/event2: 0000 0000 00000000
[   70440.070322] /dev/input/event2: 0003 0035 00000360
[   70440.070322] /dev/input/event2: 0003 0036 0000064c
[   70440.070322] /dev/input/event2: 0000 0000 00000000
[   70440.079500] /dev/input/event2: 0003 0035 00000365
[   70440.079500] /dev/input/event2: 0003 0036 00000663
[   70440.079500] /dev/input/event2: 0003 003a 00000041
[   70440.079500] /dev/input/event2: 0000 0000 00000000
[   70440.088015] /dev/input/event2: 0003 0035 00000367
[   70440.088015] /dev/input/event2: 0003 0036 00000675
[   70440.088015] /dev/input/event2: 0003 003a 00000040
[   70440.088015] /dev/input/event2: 0000 0000 00000000
[   70440.096518] /dev/input/event2: 0003 0036 00000682
[   70440.096518] /dev/input/event2: 0000 0000 00000000
[   70440.105037] /dev/input/event2: 0003 0035 00000366
[   70440.105037] /dev/input/event2: 0003 0036 0000068b
[   70440.105037] /dev/input/event2: 0000 0000 00000000
[   70440.113645] /dev/input/event2: 0003 0035 00000364
[   70440.113645] /dev/input/event2: 0003 0036 00000690
[   70440.113645] /dev/input/event2: 0000 0000 00000000
[   70440.122142] /dev/input/event2: 0003 0035 00000361
[   70440.122142] /dev/input/event2: 0003 0036 00000691
[   70440.122142] /dev/input/event2: 0000 0000 00000000
[   70440.130765] /dev/input/event2: 0003 0035 0000035b
[   70440.130765] /dev/input/event2: 0003 003a 0000003f
[   70440.130765] /dev/input/event2: 0000 0000 00000000
[   70440.139251] /dev/input/event2: 0003 0035 00000352
[   70440.139251] /dev/input/event2: 0003 0036 0000068c
[   70440.139251] /dev/input/event2: 0000 0000 00000000
[   70440.147171] /dev/input/event2: 0003 0035 00000346
[   70440.147171] /dev/input/event2: 0003 0036 0000067e
[   70440.147171] /dev/input/event2: 0003 003a 00000038
[   70440.147171] /dev/input/event2: 0000 0000 00000000
[   70440.155567] /dev/input/event2: 0003 0035 00000332
[   70440.155567] /dev/input/event2: 0003 0036 00000664
[   70440.155567] /dev/input/event2: 0000 0000 00000000
[   70440.164262] /dev/input/event2: 0003 0035 0000031b
[   70440.164262] /dev/input/event2: 0003 0036 0000063f
[   70440.164262] /dev/input/event2: 0000 0000 00000000
[   70440.172746] /dev/input/event2: 0003 0035 00000306
[   70440.172746] /dev/input/event2: 0003 0036 00000616
[   70440.172746] /dev/input/event2: 0000 0000 00000000
[   70440.181391] /dev/input/event2: 0003 0035 000002f5
[   70440.181391] /dev/input/event2: 0003 0036 000005ef
[   70440.181391] /dev/input/event2: 0003 003a 00000037
[   70440.181391] /dev/input/event2: 0000 0000 00000000
[   70440.189740] /dev/input/event2: 0003 0035 000002e9
[   70440.189740] /dev/input/event2: 0003 0036 000005ce
[   70440.189740] /dev/input/event2: 0000 0000 00000000
[   70440.217253] /dev/input/event2: 0003 0035 000002e2
[   70440.217253] /dev/input/event2: 0003 0036 000005a9
[   70440.217253] /dev/input/event2: 0000 0000 00000000
[   70440.226545] /dev/input/event2: 0003 0035 000002e1
[   70440.226545] /dev/input/event2: 0003 0036 0000059a
[   70440.226545] /dev/input/event2: 0003 003a 0000003e
[   70440.226545] /dev/input/event2: 0000 0000 00000000
[   70440.235133] /dev/input/event2: 0003 0035 000002e2
[   70440.235133] /dev/input/event2: 0003 0036 00000592
[   70440.235133] /dev/input/event2: 0000 0000 00000000
[   70440.243617] /dev/input/event2: 0003 0035 000002e5
[   70440.243617] /dev/input/event2: 0003 0036 00000590
[   70440.243617] /dev/input/event2: 0000 0000 00000000
[   70440.251482] /dev/input/event2: 0003 0035 000002f2
[   70440.251482] /dev/input/event2: 0003 0036 00000595
[   70440.251482] /dev/input/event2: 0003 003a 00000038
[   70440.251482] /dev/input/event2: 0000 0000 00000000
[   70440.260012] /dev/input/event2: 0003 0035 00000307
[   70440.260012] /dev/input/event2: 0003 0036 000005a6
[   70440.260012] /dev/input/event2: 0000 0000 00000000
[   70440.268615] /dev/input/event2: 0003 0035 00000322
[   70440.268615] /dev/input/event2: 0003 0036 000005c1
[   70440.268615] /dev/input/event2: 0003 003a 00000039
[   70440.268615] /dev/input/event2: 0000 0000 00000000
[   70440.277176] /dev/input/event2: 0003 0035 00000342
[   70440.277176] /dev/input/event2: 0003 0036 000005eb
[   70440.277176] /dev/input/event2: 0000 0000 00000000
[   70440.285584] /dev/input/event2: 0003 0035 00000360
[   70440.285584] /dev/input/event2: 0003 0036 00000616
[   70440.285584] /dev/input/event2: 0003 003a 0000003b
[   70440.285584] /dev/input/event2: 0000 0000 00000000
[   70440.294273] /dev/input/event2: 0003 0035 0000037a
[   70440.294273] /dev/input/event2: 0003 0036 00000640
[   70440.294273] /dev/input/event2: 0003 003a 0000003a
[   70440.294273] /dev/input/event2: 0000 0000 00000000
[   70440.302715] /dev/input/event2: 0003 0035 0000038d
[   70440.302715] /dev/input/event2: 0003 0036 00000668
[   70440.302715] /dev/input/event2: 0000 0000 00000000
[   70440.311237] /dev/input/event2: 0003 0035 00000398
[   70440.311237] /dev/input/event2: 0003 0036 00000687
[   70440.311237] /dev/input/event2: 0003 003a 00000039
[   70440.311237] /dev/input/event2: 0000 0000 00000000
[   70440.319795] /dev/input/event2: 0003 0035 0000039e
[   70440.319795] /dev/input/event2: 0003 0036 0000069c
[   70440.319795] /dev/input/event2: 0000 0000 00000000
[   70440.329213] /dev/input/event2: 0003 0035 000003a0
[   70440.329213] /dev/input/event2: 0003 0036 000006af
[   70440.329213] /dev/input/event2: 0003 003a 00000041
[   70440.329213] /dev/input/event2: 0000 0000 00000000
[   70440.337397] /dev/input/event2: 0003 0035 0000039e
[   70440.337397] /dev/input/event2: 0003 0036 000006ba
[   70440.337397] /dev/input/event2: 0000 0000 00000000
[   70440.346078] /dev/input/event2: 0003 0035 00000399
[   70440.346078] /dev/input/event2: 0003 0036 000006be
[   70440.346078] /dev/input/event2: 0003 003a 00000040
[   70440.346078] /dev/input/event2: 0000 0000 00000000
[   70440.354576] /dev/input/event2: 0003 0035 0000038b
[   70440.354576] /dev/input/event2: 0003 0036 000006c0
[   70440.354576] /dev/input/event2: 0003 003a 0000003f
[   70440.354576] /dev/input/event2: 0000 0000 00000000
[   70440.362482] /dev/input/event2: 0003 0035 0000036b
[   70440.362482] /dev/input/event2: 0003 0036 000006b6
[   70440.362482] /dev/input/event2: 0003 0031 00000003
[   70440.362482] /dev/input/event2: 0003 003a 00000038
[   70440.362482] /dev/input/event2: 0000 0000 00000000
[   70440.370919] /dev/input/event2: 0003 0035 00000345
[   70440.370919] /dev/input/event2: 0003 0036 0000069b
[   70440.370919] /dev/input/event2: 0003 0031 00000004
[   70440.370919] /dev/input/event2: 0000 0000 00000000
[   70440.379409] /dev/input/event2: 0003 0035 0000031b
[   70440.379409] /dev/input/event2: 0003 0036 00000672
[   70440.379409] /dev/input/event2: 0003 003a 00000037
[   70440.379409] /dev/input/event2: 0000 0000 00000000
[   70440.388058] /dev/input/event2: 0003 0035 000002e3
[   70440.388058] /dev/input/event2: 0003 0036 00000633
[   70440.388058] /dev/input/event2: 0000 0000 00000000
[   70440.396442] /dev/input/event2: 0003 0035 000002ac
[   70440.396442] /dev/input/event2: 0003 0036 000005ec
[   70440.396442] /dev/input/event2: 0003 003a 00000036
[   70440.396442] /dev/input/event2: 0000 0000 00000000
[   70440.404985] /dev/input/event2: 0003 0035 0000027a
[   70440.404985] /dev/input/event2: 0003 0036 000005a0
[   70440.404985] /dev/input/event2: 0003 003a 00000035
[   70440.404985] /dev/input/event2: 0000 0000 00000000
[   70440.413615] /dev/input/event2: 0003 0035 00000248
[   70440.413615] /dev/input/event2: 0003 0036 00000552
[   70440.413615] /dev/input/event2: 0003 003a 00000036
[   70440.413615] /dev/input/event2: 0000 0000 00000000
[   70440.422217] /dev/input/event2: 0003 0035 00000212
[   70440.422217] /dev/input/event2: 0003 0036 000004fe
[   70440.422217] /dev/input/event2: 0003 003a 00000037
[   70440.422217] /dev/input/event2: 0000 0000 00000000
[   70440.430724] /dev/input/event2: 0003 0035 000001e2
[   70440.430724] /dev/input/event2: 0003 0036 000004af
[   70440.430724] /dev/input/event2: 0003 003a 00000035
[   70440.430724] /dev/input/event2: 0000 0000 00000000
[   70440.439144] /dev/input/event2: 0003 0035 000001b2
[   70440.439144] /dev/input/event2: 0003 0036 0000045d
[   70440.439144] /dev/input/event2: 0003 0031 00000003
[   70440.439144] /dev/input/event2: 0003 003a 00000034
[   70440.439144] /dev/input/event2: 0000 0000 00000000
[   70440.447712] /dev/input/event2: 0003 0035 0000017e
[   70440.447712] /dev/input/event2: 0003 0036 00000414
[   70440.447712] /dev/input/event2: 0000 0000 00000000
[   70440.456189] /dev/input/event2: 0003 0035 0000014c
[   70440.456189] /dev/input/event2: 0003 0036 000003d2
[   70440.456189] /dev/input/event2: 0003 003a 00000033
[   70440.456189] /dev/input/event2: 0000 0000 00000000
[   70440.464659] /dev/input/event2: 0003 0035 00000121
[   70440.464659] /dev/input/event2: 0003 0036 00000399
[   70440.464659] /dev/input/event2: 0003 0031 00000004
[   70440.464659] /dev/input/event2: 0003 003a 00000026
[   70440.464659] /dev/input/event2: 0000 0000 00000000
[   70440.473028] /dev/input/event2: 0003 0039 ffffffff
[   70440.473028] /dev/input/event2: 0000 0000 00000000
